[       {"tutorial":"tut_0","h":2,"lockmoves":0,"boardtype":0,"boardsize":4,"boardcolors":[1,1,1,0,1,0,0,0,1,1,0,0,1,0,0,0],"patterns":[{ "coords":[[0,0],[1,0],[2,0],[0,2]], "rotating":0 },{"coords":[[0,0],[1,1],[0,2]], "rotating":0 }],"hints":[[[0,1],[1,2],[0,3]],[[0,0],[1,0],[2,0],[0,2]]]},
    {"tutorial":"tut_0_1","h":3,"lockmoves":0,"boardtype":0,"boardsize":4,"boardcolors":[0,0,0,1,0,1,1,1,0,0,1,1,0,1,1,1],"patterns": [{ "coords":[[1,0],[1,1],[0,2],[1,2]], "rotating":0 },{ "coords":[[0,0],[1,0]], "rotating":0 },{ "coords":[[0,0],[1,0],[2,0]], "rotating":0 }],"hints":[[[1,1],[2,1]],[[1,3],[2,3],[3,3]],[[3,0],[3,1],[2,2],[3,2]]]},
    {"patterns":[{"coords":[[0,2],[1,2],[1,1],[1,0],[2,0]],"rotating":false},{"coords":[[2,0],[1,0],[1,1],[1,2],[0,2]],"rotating":false},{"coords":[[0,2],[1,2],[1,1],[1,0],[2,0]],"rotating":false},{"coords":[[2,0],[1,0],[1,1],[1,2],[0,2]],"rotating":false}],"lockmoves":0,"boardcolors":[0,0,0,1,1,0,0,1,1,1,0,0,0,1,1,1,1,1,1,1,1,1,1,0,0,0,1,1,1,0,0,1,1,0,0,0],"boardsize":6,"boardtype":0,"hints":[[[2,1],[1,1],[1,2],[1,3],[0,3]],[[3,3],[2,3],[2,4],[2,5],[1,5]],[[2,2],[3,2],[3,1],[3,0],[4,0]],[[3,4],[4,4],[4,3],[4,2],[5,2]]]},
    {"h":4,"lockmoves":0,"boardtype":0,"boardsize":5,"boardcolors":[0,0,1,0,0,0,1,1,1,0,1,1,1,1,1,0,1,1,1,0,0,0,1,0,0],"patterns": [{ "coords":[[0,0],[0,1],[0,2],[1,2],[2,2]], "rotating":0 },{ "coords":[[1,0],[0,1],[1,1]], "rotating":0 },{ "coords":[[0,0],[1,0],[2,0],[1,1]], "rotating":0 },{ "coords":[[0,0]], "rotating":0 }],"hints":[[[1,1],[0,2],[1,2]],[[3,1]],[[1,3],[2,3],[3,3],[2,4]],[[2,0],[2,1],[2,2],[3,2],[4,2]]]},
    {"h":6,"lockmoves":0,"boardtype":0,"boardsize":4,"boardcolors":[1,1,1,1,1,1,1,1,1,1,1,1,1,1,1,1],"patterns": [{ "coords":[[0,0],[1,0],[0,1],[0,2]], "rotating":0 },{ "coords":[[1,0],[1,1],[1,2]], "rotating":0 },{ "coords":[[0,2],[1,2],[1,1]], "rotating":0 },{ "coords":[[0,0],[0,1]], "rotating":0 },{ "coords":[[0,0],[0,1],[1,1]], "rotating":0 },{ "coords":[[0,0]], "rotating":0 }],"hints":[[[0,3]],[[0,0],[1,0],[0,1],[0,2]],[[1,2],[1,3]],[[1,1],[2,1],[2,0]]]},
    {"patterns":[{"coords":[[0,0],[1,0],[2,1],[2,3]],"rotating":false},{"coords":[[2,0],[0,0],[0,2]],"rotating":false},{"coords":[[0,2],[1,1],[2,0],[3,2]],"rotating":false},{"coords":[[1,0],[0,1],[1,2],[2,2]],"rotating":false}],"lockmoves":0,"boardcolors":[0,0,0,0,0,0,0,0,0,1,1,1,0,0,0,1,0,0,0,1,0,1,0,1,1,1,0,1,0,1,0,0,0,1,0,0,0,1,1,1,0,0,0,0,0,0,0,0,0],"boardsize":7,"boardtype":0,"hints":[[[0,3],[1,2],[2,1],[3,3]],[[2,3],[1,4],[2,5],[3,5]],[[6,3],[4,3],[4,5]],[[3,1],[4,1],[5,2],[5,4]]]},
    {"patterns":[{"coords":[[2,0],[2,1],[0,0],[0,1]],"rotating":false},{"coords":[[0,0],[1,1],[1,2]],"rotating":false},{"coords":[[1,0],[1,1],[0,2],[2,2]],"rotating":false},{"coords":[[0,1],[1,2],[2,1],[3,0]],"rotating":false}],"lockmoves":0,"boardcolors":[0,0,1,0,0,1,1,1,1,0,1,1,1,1,1,1,1,1,1,0,0,0,1,0,0],"boardsize":5,"boardtype":0,"hints":[[[2,1],[2,2],[0,1],[0,2]],[[1,1],[1,2],[0,3],[2,3]],[[2,0],[3,1],[3,2]],[[1,3],[2,4],[3,3],[4,2]]]},
    {"patterns":[{"coords":[[2,0],[1,1],[0,2],[0,3]],"rotating":false},{"coords":[[0,0]],"rotating":false},{"coords":[[0,0],[0,1],[1,0],[1,1],[1,2]],"rotating":false},{"coords":[[0,0],[1,1],[1,2]],"rotating":false},{"coords":[[0,0],[1,1],[2,1]],"rotating":false}],"lockmoves":0,"boardcolors":[1,0,0,0,0,1,0,1,1,1,1,0,0,1,1,1,1,0,0,1,1,1,1,0,0,0,1,1,0,0,0,0,0,0,0,0],"boardsize":6,"boardtype":0,"hints":[[[0,0]],[[1,3],[2,4],[3,4]],[[1,1],[1,2],[2,1],[2,2],[2,3]],[[3,1],[4,2],[4,3]]]},
    {"patterns":[{"coords":[[0,1],[1,1],[1,0],[3,0]],"rotating":false},{"coords":[[1,0],[1,1],[0,3]],"rotating":false},{"coords":[[0,0],[1,1],[3,0]],"rotating":false},{"coords":[[1,0],[3,1],[0,2]],"rotating":false},{"coords":[[0,1],[1,0],[2,1]],"rotating":false},{"coords":[[0,0],[1,0]],"rotating":false}],"lockmoves":0,"boardcolors":[0,0,0,1,0,0,0,0,0,0,1,0,0,0,0,1,1,1,1,1,0,1,1,1,1,1,1,1,0,0,0,1,0,0,0,0,0,0,1,0,0,0,0,0,1,0,1,0,0],"boardsize":7,"boardtype":0,"hints":[[[0,3],[1,3],[1,2],[3,2]],[[3,0],[3,1],[2,3]],[[2,6],[3,5],[4,6]],[[2,2],[3,3],[5,2]]]},
    {"patterns":[{"coords":[[0,1],[1,0],[0,0]],"rotating":false},{"coords":[[0,0],[0,1],[0,2],[1,2]],"rotating":false},{"coords":[[0,3],[0,2],[1,2],[1,1],[1,0],[0,0]],"rotating":false},{"coords":[[2,0],[1,0],[0,1],[0,2],[0,3],[1,4]],"rotating":false},{"coords":[[0,2],[1,2],[2,1],[3,0]],"rotating":false}],"lockmoves":0,"boardcolors":[0,0,0,0,0,0,0,0,0,1,1,1,1,0,0,1,1,1,1,1,0,0,1,1,1,1,1,1,0,1,1,1,1,1,0,0,0,1,1,1,0,0,0,0,0,0,0,0,0],"boardsize":7,"boardtype":0,"hints":[[[3,1],[2,1],[1,2],[1,3],[1,4],[2,5]],[[2,2],[2,3],[2,4],[3,4]],[[3,3],[4,2],[3,2]],[[3,5],[4,5],[5,4],[6,3]]]},
    {"patterns":[{"coords":[[0,0],[1,0],[0,3],[0,2]],"rotating":false},{"coords":[[0,0],[0,2],[1,2],[2,2]],"rotating":false},{"coords":[[3,0],[0,0],[0,1],[0,2]],"rotating":false},{"coords":[[3,1],[0,0]],"rotating":false},{"coords":[[0,2],[1,2],[1,1],[1,0]],"rotating":false}],"lockmoves":0,"boardcolors":[0,0,1,0,0,0,0,1,1,1,1,1,1,1,1,1,1,1,0,1,1,1,1,1,0,0,1,0,0,0,0,0,0,0,0,0],"boardsize":6,"boardtype":0,"hints":[[[3,3],[0,2]],[[4,1],[1,1],[1,2],[1,3]],[[2,1],[3,1],[2,4],[2,3]],[[2,0],[2,2],[3,2],[4,2]]]},
    {"patterns":[{"coords":[[3,0],[2,1],[0,0]],"rotating":false},{"coords":[[2,4],[1,4],[0,4],[0,2],[0,0]],"rotating":false},{"coords":[[0,4],[0,2],[0,0],[1,0],[1,1]],"rotating":false},{"coords":[[0,1],[1,0]],"rotating":false},{"coords":[[0,3],[0,1],[0,0]],"rotating":false},{"coords":[[0,0],[1,0],[2,1],[3,0]],"rotating":false},{"coords":[[0,0],[1,1]],"rotating":false}],"lockmoves":0,"boardcolors":[1,1,1,1,1,1,1,1,0,0,1,1,1,0,0,0,0,1,1,0,0,0,0,1,1,1,0,0,1,1,1,1,1,1,1,1],"boardsize":6,"boardtype":0,"hints":[[[0,4],[0,2],[0,0],[1,0],[1,1]],[[2,5],[1,5],[0,5],[0,3],[0,1]],[[4,4],[3,5],[1,4]],[[4,0],[5,1]]]},
    {"patterns":[{"coords":[[0,0],[2,0],[3,0],[4,0]],"rotating":false},{"coords":[[0,0],[1,1],[1,0],[2,0],[4,0]],"rotating":false},{"coords":[[2,1],[1,0],[2,0],[3,0],[0,0]],"rotating":false},{"coords":[[0,1],[0,0],[3,0],[2,0],[1,0]],"rotating":false},{"coords":[[3,1],[3,0],[2,0],[1,0],[0,0]],"rotating":false}],"lockmoves":0,"boardcolors":[0,1,1,1,1,1,1,1,1,1,1,1,1,1,1,1,1,1,1,1,1,1,1,1,1],"boardsize":5,"boardtype":0,"hints":[[[0,2],[0,1],[3,1],[2,1],[1,1]],[[0,3],[1,4],[1,3],[2,3],[4,3]],[[0,4],[2,4],[3,4],[4,4]],[[3,3],[2,2],[3,2],[4,2],[1,2]]]},
    {"patterns":[{"coords":[[0,2],[1,2],[2,2],[2,0]],"rotating":false},{"coords":[[0,1],[1,1],[2,0]],"rotating":false},{"coords":[[0,0]],"rotating":false},{"coords":[[0,0],[1,1],[0,2]],"rotating":false},{"coords":[[1,1],[0,0],[1,0]],"rotating":false},{"coords":[[0,0],[2,0]],"rotating":false}],"lockmoves":0,"boardcolors":[0,0,0,0,1,0,0,0,0,0,1,1,0,0,0,0,1,1,0,0,0,0,1,1,1,0,0,0,0,0,1,1,1,0,0,0,0,0,1,1,0,0,0,0,1,1,0,1,0],"boardsize":7,"boardtype":0,"hints":[[[4,0]],[[1,3],[2,3],[3,3],[3,1]],[[2,4],[3,5],[2,6]],[[3,6],[5,6]]]},
    {"patterns":[{"coords":[[3,2],[2,3],[1,3],[0,3],[3,1],[3,0]],"rotating":false},{"coords":[[1,0],[1,1],[0,1],[0,0],[3,2]],"rotating":false},{"coords":[[2,0],[2,1],[0,3],[1,3]],"rotating":false},{"coords":[[0,0],[0,1],[0,2],[1,2]],"rotating":false},{"coords":[[4,0],[3,0],[2,1],[0,0]],"rotating":false},{"coords":[[0,0],[1,0],[3,0],[4,0],[2,1]],"rotating":false}],"lockmoves":0,"boardcolors":[0,0,0,1,0,0,0,0,1,1,1,1,1,0,0,1,1,1,1,1,0,1,1,1,0,1,1,1,0,1,1,1,1,1,0,0,1,1,1,1,1,0,0,0,0,1,0,0,0],"boardsize":7,"boardtype":0,"hints":[[[3,2],[2,3],[1,3],[0,3],[3,1],[3,0]],[[2,1],[2,2],[1,2],[1,1],[4,3]],[[5,4],[4,4],[3,5],[1,4]],[[1,5],[2,5],[4,5],[5,5],[3,6]]]},
    {"tutorial":"tut_0_2","patterns":[{"coords":[[0,1],[1,0],[1,3],[2,2]],"rotating":false},{"coords":[[1,1],[1,0],[2,0],[0,1]],"rotating":false},{"coords":[[0,0],[2,1],[2,2]],"rotating":false},{"coords":[[1,0],[0,1],[2,1]],"rotating":false},{"coords":[[0,2],[0,1],[1,1],[1,0]],"rotating":false},{"coords":[[0,0]],"rotating":false}],"lockmoves":0,"boardcolors":[0,0,0,0,0,0,0,0,1,1,0,1,1,0,1,1,1,1,1,1,1,1,1,1,0,1,1,1,0,1,0,0,0,1,0,0,0,0,0,0,0,0,0,0,0,0,0,0,0],"boardsize":7,"boardtype":0,"hints":[[[0,2],[1,1],[1,4],[2,3]],[[1,3],[1,2],[2,2],[0,3]],[[5,1]],[[2,1],[4,2],[4,3]]]},
    {"patterns":[{"coords":[[0,0],[1,0],[2,0],[2,1]],"rotating":false},{"coords":[[0,0],[1,1],[0,1],[2,1]],"rotating":false},{"coords":[[0,2],[1,2],[1,1],[1,0]],"rotating":false},{"coords":[[0,2],[0,1],[0,0],[1,0]],"rotating":false},{"coords":[[2,0],[2,1],[1,1],[0,1]],"rotating":false}],"lockmoves":0,"boardcolors":[0,0,0,0,0,0,0,0,1,1,1,0,1,1,1,1,1,0,1,1,1,1,1,0,0,1,1,1,1,0,0,1,1,1,0,0],"boardsize":6,"boardtype":0,"hints":[[[2,1],[2,2],[1,2],[0,2]],[[0,3],[1,3],[2,3],[2,4]],[[1,4],[2,5],[1,5],[3,5]],[[3,3],[3,2],[3,1],[4,1]]]},
    {"patterns":[{"coords":[[2,2],[0,2],[1,1],[2,0]],"rotating":false},{"coords":[[3,2],[3,0],[2,0],[1,0],[0,0]],"rotating":false},{"coords":[[0,3],[1,2],[2,1],[3,1],[1,0]],"rotating":false},{"coords":[[1,3],[3,3],[2,2],[0,0],[1,0]],"rotating":false},{"coords":[[1,0],[0,1],[0,3],[1,2],[1,1]],"rotating":false},{"coords":[[1,0],[0,1],[1,1],[3,1],[4,1]],"rotating":false},{"coords":[[0,1],[2,1],[2,2],[3,2],[1,0]],"rotating":false},{"coords":[[0,0],[0,1]],"rotating":false}],"lockmoves":0,"boardcolors":[0,0,0,1,1,0,0,0,0,0,1,1,1,1,0,0,0,1,0,1,1,0,1,0,1,1,1,1,1,1,1,1,1,1,1,1,1,1,1,1,0,0,1,0,0,1,0,0,0,1,0,1,1,0,1,0,1,0,1,0,0,1,0,1],"boardsize":8,"boardtype":0,"hints":[[[2,7],[0,7],[1,6],[2,5]],[[1,2],[0,3],[1,3],[3,3],[4,3]],[[3,6],[3,4],[2,4],[1,4],[0,4]],[[4,0],[4,1]]]},
    {"tutorial":"hint_0","h":18,"patterns":[{"coords":[[0,2],[0,1],[0,0],[1,0]],"rotating":false},{"coords":[[1,0],[1,1],[1,2],[0,2]],"rotating":false},{"coords":[[2,1],[1,1],[0,1],[0,0]],"rotating":false},{"coords":[[0,0],[0,1],[0,2],[1,2]],"rotating":false},{"coords":[[1,2],[1,1],[1,0],[0,0]],"rotating":false},{"coords":[[1,2],[1,0],[1,1],[0,0]],"rotating":false},{"coords":[[0,0]],"rotating":false}],"lockmoves":0,"boardcolors":[0,0,0,0,0,0,0,0,1,1,1,1,1,0,0,1,1,1,1,1,0,0,1,1,1,1,1,0,0,1,1,1,1,1,0,0,1,1,1,1,1,0,0,0,0,0,0,0,0],"boardsize":7,"boardtype":0,"hints":[[[1,1]],[[1,3],[1,4],[1,5],[2,5]],[[2,4],[2,2],[2,3],[1,2]],[[3,3],[3,2],[3,1],[2,1]]]},
        {"tutorial":"tut_1","patterns":[{"coords":[[0,0],[0,1],[0,2],[0,3],[0,4]],"rotating":false},{"coords":[[0,0],[1,0],[2,0],[3,0],[4,0]],"rotating":false},{"coords":[[0,0],[1,0],[2,0],[3,0],[4,0]],"rotating":false},{"coords":[[0,4],[0,3],[0,2],[0,1],[0,0]],"rotating":false}],"lockmoves":0,"boardcolors":[0,0,1,0,0,0,0,0,1,1,0,0,0,1,2,2,1,1,1,1,2,2,1,0,0,0,1,1,0,0,0,0,0,1,0,0],"boardsize":6,"boardtype":2,"hints":[[[0,3],[1,3],[2,3],[3,3],[4,3]],[[2,0],[2,1],[2,2],[2,3],[2,4]],[[1,2],[2,2],[3,2],[4,2],[5,2]],[[3,5],[3,4],[3,3],[3,2],[3,1]]]},
    {"patterns":[{"coords":[[0,0],[1,0],[2,0],[3,0],[4,0]],"rotating":false},{"coords":[[0,0],[1,0],[2,1],[3,0],[4,0]],"rotating":false},{"coords":[[0,0],[1,0],[2,0],[2,1],[3,0],[4,0],[4,1]],"rotating":false},{"coords":[[0,1],[0,0],[2,0],[3,0],[4,0]],"rotating":false},{"coords":[[0,0],[1,0],[1,1],[2,0],[3,0],[4,0],[4,1]],"rotating":false}],"lockmoves":0,"boardcolors":[1,1,1,1,1,1,1,1,1,2,2,1,1,1,1,1,1,1,1,2,1,1,2,1,1],"boardsize":5,"boardtype":2,"hints":[[[0,2],[0,1],[2,1],[3,1],[4,1]],[[0,3],[1,3],[2,4],[3,3],[4,3]],[[0,4],[1,4],[2,4],[3,4],[4,4]],[[0,0],[1,0],[1,1],[2,0],[3,0],[4,0],[4,1]]]},
    {"h":6,"patterns":[{"coords":[[3,1],[2,0],[1,0],[0,0],[0,2],[1,2],[2,2]],"rotating":false},{"coords":[[0,1],[1,1],[2,0],[2,2]],"rotating":false},{"coords":[[0,0],[1,0],[1,2],[0,2]],"rotating":false},{"coords":[[1,3],[0,3],[0,1],[0,0]],"rotating":false},{"coords":[[0,0],[2,0],[1,1],[1,2]],"rotating":false},{"coords":[[2,0],[0,0]],"rotating":false}],"lockmoves":0,"boardcolors":[0,0,0,1,0,0,0,0,0,0,1,0,0,0,1,1,2,0,2,1,1,0,0,1,3,1,0,0,1,1,2,0,2,1,1,0,0,0,1,0,0,0,0,0,0,1,0,0,0],"boardsize":7,"boardtype":2,"hints":[[[3,3],[2,2],[1,2],[0,2],[0,4],[1,4],[2,4]],[[4,2],[2,2]],[[2,4],[4,4],[3,5],[3,6]],[[2,3],[3,3],[4,2],[4,4]]]},
    {"patterns":[{"coords":[[0,1],[1,1],[2,0],[2,1],[2,2],[3,2],[3,1],[3,0]],"rotating":false},{"coords":[[1,0],[1,1],[0,1],[0,0],[2,0],[2,1],[1,2],[1,3]],"rotating":false},{"coords":[[0,1],[1,1],[2,1],[2,0],[3,0],[3,1],[3,2],[2,2]],"rotating":false},{"coords":[[2,2],[2,3],[1,3],[1,2],[0,2],[0,3],[1,1],[1,0]],"rotating":false}],"lockmoves":0,"boardcolors":[0,0,0,0,0,0,0,1,1,1,0,0,0,0,1,1,2,1,0,0,0,1,2,1,1,1,1,1,0,1,1,2,2,1,1,0,0,0,1,1,2,1,0,0,0,1,1,1,0],"boardsize":7,"boardtype":2,"hints":[[[1,1],[1,2],[0,2],[0,1],[2,1],[2,2],[1,3],[1,4]],[[0,3],[1,3],[2,2],[2,3],[2,4],[3,4],[3,3],[3,2]],[[5,5],[5,6],[4,6],[4,5],[3,5],[3,6],[4,4],[4,3]],[[3,4],[4,4],[5,4],[5,3],[6,3],[6,4],[6,5],[5,5]]]},
    {"patterns":[{"coords":[[0,4],[1,4],[1,1],[1,0]],"rotating":false},{"coords":[[0,0],[1,0],[2,0],[3,0],[3,1],[3,3]],"rotating":false},{"coords":[[1,3],[2,3],[1,1],[2,1],[0,0]],"rotating":false},{"coords":[[2,2],[3,2],[0,1],[1,0]],"rotating":false},{"coords":[[0,1],[1,1],[1,0],[2,0],[2,1]],"rotating":false}],"lockmoves":0,"boardcolors":[0,0,0,1,1,1,0,1,1,1,1,1,1,2,1,2,1,1,0,0,0,1,1,1,0,0,0,0,0,0,1,1,0,1,1,1],"boardsize":6,"boardtype":2,"hints":[[[0,5],[1,5],[1,2],[1,1]],[[0,2],[1,2],[2,2],[3,2],[3,3],[3,5]],[[4,2],[5,2],[2,1],[3,0]],[[3,1],[4,1],[4,0],[5,0],[5,1]]]},
    {"patterns":[{"coords":[[1,1],[1,0],[1,2],[0,1],[3,1]],"rotating":false},{"coords":[[0,0],[0,2],[1,1],[1,2]],"rotating":false},{"coords":[[1,0],[2,0],[0,1],[1,1]],"rotating":false},{"coords":[[0,0],[0,1],[2,1],[1,2]],"rotating":false},{"coords":[[4,0],[3,1],[1,0],[1,1],[2,1],[0,1]],"rotating":false},{"coords":[[0,0],[2,0],[1,1],[1,2]],"rotating":false},{"coords":[[0,0],[2,0],[1,0]],"rotating":false}],"lockmoves":0,"boardcolors":[0,0,1,0,1,0,0,0,1,1,0,1,1,0,0,1,2,0,2,1,0,1,1,1,0,1,1,1,0,1,2,1,2,1,0,0,0,1,2,1,0,0,0,0,0,1,0,0,0],"boardsize":7,"boardtype":2,"hints":[[[1,2],[2,2],[0,3],[1,3]],[[2,5],[4,5],[3,5]],[[2,1],[2,0],[2,2],[1,1],[4,1]],[[2,4],[4,4],[3,5],[3,6]]]},
    {"h":6,"lockmoves":0,"boardsize":6,"boardtype":2,"patterns":[{"coords":[[0,0],[0,1],[0,3],[0,2],[2,2],[2,3]],"rotating":false},{"coords":[[1,3],[0,2],[0,1],[1,0]],"rotating":false},{"coords":[[0,0],[1,0],[1,1],[0,2]],"rotating":false},{"coords":[[0,1],[0,2],[2,1],[3,0]],"rotating":false},{"coords":[[1,1],[0,0]],"rotating":false},{"coords":[[1,0],[0,1],[0,2],[1,2]],"rotating":false}],"boardcolors":[1,1,1,0,0,0,1,0,1,1,1,0,1,1,2,0,0,1,1,1,2,0,0,1,1,0,1,1,1,0,1,1,1,0,0,0],"hints":[[[1,3],[0,4],[0,5],[1,5]],[[0,0],[0,1],[0,3],[0,2],[2,2],[2,3]],[[1,0],[2,0],[2,1],[1,2]],[[5,2],[4,1]]]},
    {"h":8,"lockmoves":0,"boardsize":6,"boardtype":2,"patterns":[{"coords":[[0,0],[1,0],[2,0],[2,1],[2,2]],"rotating":false},{"coords":[[2,2],[1,2],[0,2],[0,1],[0,0]],"rotating":false},{"coords":[[2,0],[0,1]],"rotating":false},{"coords":[[0,0],[0,1],[1,1],[2,1]],"rotating":false},{"coords":[[2,1],[2,0],[1,0],[0,0]],"rotating":false},{"coords":[[0,1],[0,2],[2,0],[2,3]],"rotating":false},{"coords":[[0,0],[0,3]],"rotating":false}],"boardcolors":[0,0,0,1,1,1,0,1,1,1,0,1,1,0,0,2,1,2,1,0,0,2,1,2,0,1,1,1,0,1,0,0,0,1,1,1],"hints":[[[1,1],[1,4]],[[0,2],[0,3],[2,1],[2,4]],[[5,2],[3,3]],[[3,4],[3,5],[4,5],[5,5]]]},
    {"h":7,"patterns":[{"coords":[[0,0],[1,0],[2,0],[3,0]],"rotating":false},{"coords":[[0,3],[0,2],[0,1],[0,0],[1,1]],"rotating":false},{"coords":[[2,1],[1,0],[0,0],[0,1],[0,2]],"rotating":false},{"coords":[[2,2],[1,1],[1,0],[0,1],[0,2],[0,3]],"rotating":false},{"coords":[[0,0],[0,2],[0,3]],"rotating":false}],"lockmoves":0,"boardsize":6,"boardtype":2,"boardcolors":[0,1,1,0,0,0,1,1,2,1,0,0,1,1,4,1,1,1,1,1,2,1,0,0,0,1,1,0,0,0,0,0,0,0,0,0],"hints":[[[2,2],[1,1],[1,0],[0,1],[0,2],[0,3]],[[2,1],[2,3],[2,4]],[[3,3],[2,2],[1,2],[1,3],[1,4]],[[2,3],[2,2],[2,1],[2,0],[3,1]]]},
    {"patterns":[{"coords":[[2,0],[1,0],[0,0]],"rotating":false},{"coords":[[2,5],[0,5],[1,4],[2,3],[2,1],[1,0]],"rotating":false},{"coords":[[2,2],[3,1],[2,0],[0,0]],"rotating":false},{"coords":[[0,3],[1,4],[1,2],[1,0]],"rotating":false},{"coords":[[0,0],[2,0],[3,1],[4,2]],"rotating":false}],"lockmoves":0,"boardcolors":[1,0,1,0,1,0,0,1,0,1,0,1,1,0,1,0,1,0,0,1,0,1,0,1,1,0,1,0,1,0,0,1,0,2,1,2],"boardsize":6,"boardtype":2,"hints":[[[0,4],[1,5],[1,3],[1,1]],[[2,4],[3,3],[2,2],[0,2]],[[0,0],[2,0],[3,1],[4,2]],[[5,5],[4,5],[3,5]]]},
    {"h":8,"lockmoves":0,"boardsize":6,"boardtype":2,"patterns":[{"coords":[[0,3],[1,2],[2,1],[3,0]],"rotating":false},{"coords":[[0,1],[0,2],[1,2],[2,1],[1,0]],"rotating":false},{"coords":[[0,2],[1,1],[2,1],[1,0]],"rotating":false},{"coords":[[0,0],[0,1],[1,1]],"rotating":false},{"coords":[[0,1],[1,0],[1,1],[0,0]],"rotating":false},{"coords":[[0,1],[1,0]],"rotating":false}],"boardcolors":[0,0,0,0,1,2,0,0,0,1,2,1,0,0,1,2,1,0,0,1,2,1,0,0,1,2,1,0,0,0,2,1,0,0,0,0],"hints":[[[0,5],[1,4],[1,5],[0,4]],[[0,5],[1,4],[2,4],[1,3]],[[2,2],[2,3],[3,3]],[[4,1],[5,0]]]},
    {"patterns":[{"coords":[[1,0],[0,0],[0,1],[1,1],[2,0],[2,1],[2,2],[1,2],[0,2]],"rotating":false},{"coords":[[0,0],[0,1],[0,2],[1,0],[1,1],[1,2],[0,3],[1,3]],"rotating":false},{"coords":[[0,0],[0,1],[0,2],[1,2],[1,1],[1,0],[2,0],[2,1],[2,2]],"rotating":false},{"coords":[[0,0],[0,1],[0,2],[1,2],[1,1],[1,0]],"rotating":false},{"coords":[[0,0],[0,1],[1,1],[2,1],[2,0]],"rotating":false}],"lockmoves":0,"boardcolors":[0,0,0,0,0,0,0,0,1,2,1,1,0,0,0,1,3,2,3,1,0,0,1,3,2,3,1,0,0,1,3,1,3,1,0,0,0,1,1,1,0,0,0,0,0,0,0,0,0],"boardsize":7,"boardtype":2,"hints":[[[1,1],[1,2],[1,3],[2,1],[2,2],[2,3],[1,4],[2,4]],[[2,4],[2,5],[3,5],[4,5],[4,4]],[[3,1],[2,1],[2,2],[3,2],[4,1],[4,2],[4,3],[3,3],[2,3]],[[2,2],[2,3],[2,4],[3,4],[3,3],[3,2],[4,2],[4,3],[4,4]]]},
    {"patterns":[{"coords":[[1,4],[1,3],[1,2],[0,2],[0,1],[0,0]],"rotating":false},{"coords":[[0,2],[1,2],[1,1],[2,0],[3,0],[3,1],[2,1]],"rotating":false},{"coords":[[0,0],[0,1],[2,1],[3,1],[1,1],[1,0]],"rotating":false},{"coords":[[0,2],[1,0],[1,1],[1,2],[1,3]],"rotating":false},{"coords":[[0,2],[0,0],[1,1],[2,1]],"rotating":false},{"coords":[[0,2],[0,0],[0,3]],"rotating":false},{"coords":[[0,0],[0,1]],"rotating":false}],"lockmoves":0,"boardcolors":[0,0,0,1,0,0,0,0,0,1,2,1,0,0,0,1,2,1,2,1,0,1,1,1,1,1,1,1,0,1,2,1,2,1,0,0,1,1,2,1,1,0,0,0,0,1,0,0,0],"boardsize":7,"boardtype":2,"hints":[[[3,0],[3,1]],[[0,3],[1,3],[1,2],[2,1],[3,1],[3,2],[2,2]],[[1,4],[1,5],[3,5],[4,5],[2,5],[2,4]],[[3,6],[3,5],[3,4],[2,4],[2,3],[2,2]]]},
    {"h":9,"patterns":[{"coords":[[0,0],[0,1],[0,2],[1,2],[1,1],[1,0]],"rotating":false},{"coords":[[1,0],[1,1],[1,2],[0,2],[0,1],[0,0]],"rotating":false},{"coords":[[0,0],[1,1],[2,2],[1,2],[1,3],[2,3]],"rotating":false},{"coords":[[0,0],[1,1],[0,2],[0,3],[1,3],[2,3]],"rotating":false},{"coords":[[0,0],[2,0],[1,2],[1,3],[2,3],[2,2]],"rotating":false},{"coords":[[0,2],[0,3],[1,3],[1,2],[0,0],[1,0]],"rotating":false},{"coords":[[0,0],[0,1],[0,2],[1,2],[1,0]],"rotating":false},{"coords":[[1,0],[0,0],[1,2],[3,2],[3,0]],"rotating":false}],"lockmoves":0,"boardcolors":[1,1,1,0,2,1,1,1,2,0,0,0,2,1,1,1,2,0,2,1,1,1,2,2,0,2,2,2,1,1,0,0,0,0,0,1,1,0,1,1,1,1,1,1,0,1,1,1,1],"boardsize":7,"boardtype":2,"hints":[[[0,1],[0,2],[0,3],[1,3],[1,1]],[[1,4],[1,5],[1,6],[0,6],[0,5],[0,4]],[[0,0],[1,1],[2,2],[1,2],[1,3],[2,3]],[[2,0],[1,0],[2,2],[4,2],[4,0]]]},
    {"patterns":[{"coords":[[0,1],[2,1],[1,0],[3,2]],"rotating":false},{"coords":[[1,0],[2,1],[0,3],[2,3]],"rotating":false},{"coords":[[1,1],[3,1],[1,3],[0,0]],"rotating":false},{"coords":[[0,1],[1,2],[1,0]],"rotating":false},{"coords":[[1,3],[0,4],[2,4],[0,0]],"rotating":false},{"coords":[[0,0],[1,1],[1,3],[0,2]],"rotating":false},{"coords":[[0,0],[2,0]],"rotating":false}],"lockmoves":0,"boardcolors":[0,0,1,0,1,0,0,2,0,2,0,1,1,0,2,0,2,0,0,2,0,2,0,1,1,0,2,0,2,0,0,1,0,1,0,1],"boardsize":6,"boardtype":2,"hints":[[[0,4],[1,5],[1,3]],[[0,2],[2,2],[1,1],[3,3]],[[2,4],[4,4]],[[2,0],[3,1],[1,3],[3,3]]]},
    {"h":10,"patterns":[{"coords":[[0,0],[1,1],[1,2],[2,3]],"rotating":false},{"coords":[[0,0],[0,1],[1,1],[1,0]],"rotating":false},{"coords":[[1,0],[2,1],[1,2],[0,1],[0,3]],"rotating":false},{"coords":[[3,0],[2,1],[1,2],[0,2]],"rotating":false},{"coords":[[0,1],[2,0],[1,2]],"rotating":false},{"coords":[[3,0],[1,2],[0,3],[1,4]],"rotating":false},{"coords":[[0,0],[0,3],[1,3]],"rotating":false},{"coords":[[0,0],[0,1],[1,1]],"rotating":false}],"lockmoves":0,"boardcolors":[2,1,0,0,1,2,1,2,1,1,2,1,0,1,2,2,1,0,0,0,2,2,0,0,0,0,2,2,0,0,0,0,1,1,0,0],"boardsize":6,"boardtype":2,"hints":[[[0,0],[0,1],[1,1],[1,0]],[[0,0],[1,1],[1,2],[2,3]],[[2,1],[2,4],[3,4]],[[2,4],[2,5],[3,5]]]},
    {"h":12,"patterns":[{"coords":[[0,4],[1,3],[2,2],[0,0]],"rotating":false},{"coords":[[0,3],[1,2],[1,0],[2,5]],"rotating":false},{"coords":[[0,0],[2,0],[4,0]],"rotating":false},{"coords":[[0,0],[1,1],[2,2],[1,3]],"rotating":false},{"coords":[[0,4],[1,3],[2,2],[2,0]],"rotating":false},{"coords":[[2,2],[1,1],[2,0],[0,0]],"rotating":false}],"lockmoves":0,"boardcolors":[0,1,0,1,0,1,0,1,0,1,0,1,0,1,0,1,0,1,0,1,0,1,0,1,0,1,0,1,0,1,0,1,0,1,0,1,0,1,0,1,0,0,0,1,0,1,0,1,0],"boardsize":7,"boardtype":2,"hints":[[[0,5],[1,4],[2,3],[0,1]],[[0,3],[1,2],[1,0],[2,5]],[[1,6],[3,6],[5,6]],[[2,1],[3,2],[4,3],[3,4]]]},
    {"patterns":[{"coords":[[0,0],[0,1],[1,1],[2,1],[3,1]],"rotating":false},{"coords":[[2,1],[2,0],[1,0],[0,0],[0,2]],"rotating":false},{"coords":[[0,0],[1,2],[2,2],[0,2]],"rotating":false},{"coords":[[0,0],[0,1],[1,1]],"rotating":false},{"coords":[[2,0],[0,0],[0,1],[2,3]],"rotating":false},{"coords":[[2,0],[2,2],[1,2],[0,2],[0,1],[1,1]],"rotating":false},{"coords":[[2,0],[1,0],[0,0],[2,1],[4,1]],"rotating":false}],"lockmoves":0,"boardcolors":[0,0,0,0,0,0,0,0,0,1,1,1,1,1,1,0,0,1,1,1,1,1,1,0,0,1,1,1,1,1,1,0,0,1,1,1,1,1,1,0,0,1,1,1,1,1,1,0,0,0,0,1,0,1,0,0,0,0,0,0,0,0,0,0],"boardsize":8,"boardtype":0,"hints":[[[1,2],[2,4],[3,4],[1,4]],[[3,2],[3,1],[2,1],[1,1],[1,3]],[[3,5],[2,5],[1,5],[3,6],[5,6]],[[2,2],[2,3],[3,3],[4,3],[5,3]]]},
    {"patterns":[{"coords":[[0,0],[0,1],[1,0],[1,2],[0,3]],"rotating":false},{"coords":[[1,2],[0,1],[2,0],[1,0]],"rotating":false},{"coords":[[1,2],[0,1],[1,0],[4,1]],"rotating":false},{"coords":[[0,0],[1,1],[0,2]],"rotating":false},{"coords":[[2,3],[0,1],[1,0]],"rotating":false},{"coords":[[3,2],[2,1],[0,1],[1,0]],"rotating":false},{"coords":[[0,1],[1,1],[2,1],[1,0]],"rotating":false},{"coords":[[2,1],[0,0]],"rotating":false}],"lockmoves":0,"boardcolors":[1,0,0,1,0,0,0,0,0,2,1,2,0,0,0,1,0,1,0,1,0,1,0,1,2,1,0,1,0,2,0,1,0,1,0,1,0,2,0,2,0,1,0,1,0,1,0,1,0],"boardsize":7,"boardtype":2,"hints":[[[2,1],[0,0]],[[2,5],[0,3],[1,2]],[[1,6],[0,5],[1,4],[4,5]],[[2,5],[1,4],[3,3],[2,3]]]},
    {"patterns":[{"coords":[[0,0],[0,1],[0,2],[1,3],[1,4],[1,5]],"rotating":false},{"coords":[[0,3],[1,1],[2,2],[3,2],[1,0]],"rotating":false},{"coords":[[3,0],[2,1],[0,1],[2,3]],"rotating":false},{"coords":[[2,0],[1,0],[1,1],[0,0]],"rotating":false},{"coords":[[1,3],[1,2],[0,0]],"rotating":false},{"coords":[[0,0],[2,0],[3,0]],"rotating":false},{"coords":[[0,2],[1,1],[1,3],[1,0]],"rotating":false},{"coords":[[0,1],[1,1],[2,1],[3,0],[4,0],[5,0]],"rotating":false}],"lockmoves":0,"boardcolors":[0,1,0,0,0,0,1,1,2,1,1,1,1,2,1,2,1,2,1,1,2,1,2,0,0,2,1,2,1,2,0,1,1,0,1,0],"boardsize":6,"boardtype":2,"hints":[[[1,5],[1,4],[0,2]],[[0,1],[2,1],[3,1]],[[4,1],[3,2],[1,2],[3,4]],[[1,0],[1,1],[1,2],[2,3],[2,4],[2,5]]]},
    {"patterns":[{"coords":[[0,3],[1,2],[0,0],[2,1]],"rotating":false},{"coords":[[0,3],[0,2],[1,1],[2,1],[3,0]],"rotating":false},{"coords":[[0,0],[2,2],[3,2],[1,3],[2,3]],"rotating":false},{"coords":[[1,0],[1,1],[2,0],[0,2]],"rotating":false},{"coords":[[0,4],[2,1],[3,0]],"rotating":false},{"coords":[[0,3],[2,0]],"rotating":false},{"coords":[[0,0]],"rotating":false}],"lockmoves":0,"boardcolors":[0,0,0,1,1,0,0,0,0,1,2,0,0,1,0,1,2,0,0,1,1,1,1,0,0,2,1,0,1,0,0,2,1,0,0,0,0,1,1,0,0,0,0,1,1,0,0,0,0],"boardsize":7,"boardtype":2,"hints":[[[0,4],[0,3],[1,2],[2,2],[3,1]],[[2,6],[4,3]],[[1,6],[2,5],[1,3],[3,4]],[[6,2]]]},
    {"patterns":[{"coords":[[0,0],[1,0],[2,0],[3,0]],"rotating":false},{"coords":[[1,0],[1,1],[0,2]],"rotating":false},{"coords":[[3,1],[3,2],[2,0],[1,0],[0,1]],"rotating":false},{"coords":[[1,0],[1,1],[0,1],[0,2]],"rotating":false},{"coords":[[0,0],[0,1],[1,1],[1,0],[2,1]],"rotating":false},{"coords":[[1,3],[0,3],[1,0]],"rotating":false},{"coords":[[2,1],[1,1],[0,0]],"rotating":false},{"coords":[[3,1],[0,0]],"rotating":false},{"coords":[[1,2],[0,3],[1,0]],"rotating":false},{"coords":[[0,3],[1,2],[1,1],[0,0]],"rotating":false},{"coords":[[1,3],[0,2],[1,2],[1,0]],"rotating":false},{"coords":[[0,0],[1,1],[2,1],[3,2]],"rotating":false}],"lockmoves":0,"boardcolors":[0,0,1,0,0,1,0,0,0,0,0,1,1,0,0,0,0,1,2,1,1,2,1,0,1,0,1,2,2,1,0,1,0,0,0,2,2,0,0,0,0,0,0,2,2,0,0,0,0,0,1,2,2,1,0,0,1,1,1,2,2,1,1,1],"boardsize":8,"boardtype":2,"hints":[[[0,7],[1,7],[2,7],[3,7]],[[3,3],[3,4],[2,2],[1,2],[0,3]],[[3,4],[3,5],[2,6]],[[4,3],[3,3],[2,2]]]},
    {"h":46,"boardsize":7,"boardtype":2,"patterns":[{"coords":[[2,0],[1,0],[0,1],[1,2],[2,2],[3,2]],"rotating":false},{"coords":[[0,3],[1,3],[1,0],[0,0]],"rotating":false},{"coords":[[0,3],[1,1],[2,0]],"rotating":false},{"coords":[[0,0],[1,0],[3,0],[2,2]],"rotating":false},{"coords":[[0,0],[1,0],[0,3],[2,2],[0,2]],"rotating":false},{"coords":[[1,0],[0,2],[0,1]],"rotating":false},{"coords":[[0,0],[2,2],[3,2],[2,1]],"rotating":false},{"coords":[[0,0]],"rotating":false}],"lockmoves":0,"boardcolors":[0,1,1,1,1,1,0,1,0,1,1,1,0,1,1,1,1,1,1,1,1,0,1,2,1,2,1,0,0,0,1,1,1,0,0,0,0,0,0,0,0,0,0,0,1,1,1,0,0],"hints":[[[0,2],[2,4],[3,4],[2,3]],[[4,6]],[[1,3],[2,1],[3,0]],[[2,0],[1,0],[0,1],[1,2],[2,2],[3,2]]]},
        {"tutorial":"tut_2","h":5,"patterns":[{"coords":[[3,0],[2,0],[1,0],[2,2],[1,2],[0,2]],"rotating":true},{"coords":[[0,2],[0,1],[0,0]],"rotating":false},{"coords":[[0,0],[1,0],[2,1],[2,2]],"rotating":false},{"coords":[[0,0]],"rotating":false}],"lockmoves":0,"boardcolors":[0,0,0,0,0,0,0,1,1,1,0,0,0,1,1,1,1,0,0,1,1,1,1,0,0,0,1,1,1,0,0,0,0,0,0,0],"boardsize":6,"boardtype":0,"hints":[[[4,4]],[[2,4],[2,3],[2,2]],[[3,4],[3,3],[3,2],[1,3],[1,2],[1,1]],[[2,1],[3,1],[4,2],[4,3]]]},
    {"h":4,"patterns":[{"coords":[[0,3],[0,2],[0,1],[1,1],[1,0]],"rotating":true},{"coords":[[0,1],[1,1],[1,0],[1,2]],"rotating":false},{"coords":[[2,0],[2,1],[1,1],[0,1],[3,0]],"rotating":true}],"lockmoves":0,"boardcolors":[0,1,1,0,0,0,1,1,1,0,1,1,1,1,0,1,1,1,1,0,0,0,1,0,0],"boardsize":5,"boardtype":0,"hints":[[[1,0],[1,1],[1,2],[0,2],[0,3]],[[1,3],[2,3],[2,2],[2,4]],[[2,1],[3,1],[3,2],[3,3],[2,0]]]},
    {"h":4,"patterns":[{"coords":[[4,0],[3,0],[2,0],[2,1],[1,1],[0,1]],"rotating":true},{"coords":[[2,2],[1,2],[0,1],[0,0],[0,2],[0,3]],"rotating":true},{"coords":[[2,0],[2,1],[1,1],[0,1],[0,2],[1,2]],"rotating":true},{"coords":[[0,1],[1,0],[1,1],[1,2],[1,3]],"rotating":false}],"lockmoves":0,"boardcolors":[0,0,0,1,0,0,1,1,1,1,0,0,1,1,1,1,0,0,1,1,1,1,0,0,1,1,1,1,1,1,1,1,1,1,0,0],"boardsize":6,"boardtype":0,"hints":[[[2,4],[1,4],[0,3],[0,2],[0,4],[0,5]],[[0,1],[1,1],[1,2],[1,3],[2,3],[2,2]],[[2,1],[3,0],[3,1],[3,2],[3,3]],[[5,4],[4,4],[3,4],[3,5],[2,5],[1,5]]]},
    {"h":6,"patterns":[{"coords":[[2,0],[0,0],[0,1],[0,2]],"rotating":true},{"coords":[[2,0],[1,0],[0,1]],"rotating":true},{"coords":[[2,0],[2,1],[0,3],[1,3],[2,3],[2,2]],"rotating":true},{"coords":[[0,0],[1,0],[2,0],[2,2],[1,2]],"rotating":true},{"coords":[[2,2],[1,2],[0,2],[1,0],[0,0]],"rotating":true},{"coords":[[0,2],[0,3],[0,1],[1,0]],"rotating":true}],"lockmoves":0,"boardcolors":[0,0,0,0,0,0,0,0,0,1,0,0,0,0,0,0,0,1,1,1,1,1,0,1,1,1,1,1,1,1,1,0,1,1,1,1,0,0,0,1,0,1,0,0,0,0,1,0,0,0,0,0,1,0,0,0,1,1,1,1,1,0,0,0,0,0,0,0,0,0,0,0,0,0,0,0,0,0,0,0,0],"boardsize":9,"boardtype":0,"hints":[[[3,3],[2,3],[0,1],[0,2],[0,3],[1,3]],[[3,4],[3,2],[2,2],[1,2]],[[3,6],[4,6],[2,6],[1,5]],[[5,6],[6,6],[7,5]]]},
    {"h":6,"patterns":[{"coords":[[0,0],[0,1],[0,2],[0,3],[1,5],[2,5],[2,3],[2,2],[2,1]],"rotating":false},{"coords":[[0,3],[1,2],[2,1],[0,2],[0,1],[0,0]],"rotating":true},{"coords":[[2,2],[1,1],[0,0],[0,1],[1,2],[1,3]],"rotating":true},{"coords":[[3,1],[3,0],[2,0],[0,0]],"rotating":false},{"coords":[[1,0],[1,1],[1,2],[1,3],[1,4],[2,4],[0,4],[0,5]],"rotating":false}],"lockmoves":0,"boardcolors":[0,0,0,0,0,0,0,0,0,1,1,1,1,1,1,0,0,1,1,1,1,1,1,0,0,1,1,1,1,1,1,0,0,1,1,1,1,1,1,0,0,1,1,1,1,1,0,0,0,1,1,1,1,0,0,0,0,0,0,0,0,0,0,0],"boardsize":8,"boardtype":0,"hints":[[[2,1],[2,2],[2,3],[2,4],[2,5],[3,5],[1,5],[1,6]],[[1,1],[1,2],[1,3],[1,4],[2,6],[3,6],[3,4],[3,3],[3,2]],[[6,2],[6,1],[5,1],[3,1]],[[4,6],[5,5],[6,4],[4,5],[4,4],[4,3]]]},
    {"h":6,"patterns":[{"coords":[[3,0],[2,0],[1,0],[0,0]],"rotating":true},{"coords":[[1,0],[1,1],[0,1],[1,2]],"rotating":true},{"coords":[[0,0],[0,1],[1,1],[1,0]],"rotating":false},{"coords":[[0,2],[1,1],[1,0],[0,1]],"rotating":true},{"coords":[[0,1],[0,0],[1,0],[2,0]],"rotating":true},{"coords":[[0,0],[1,0],[2,0],[2,1]],"rotating":true}],"lockmoves":0,"boardcolors":[0,0,0,0,0,0,0,1,0,0,0,0,0,0,0,1,0,0,0,0,0,0,0,1,1,0,0,0,0,0,0,1,1,1,1,0,0,0,0,0,0,0,1,0,0,0,1,0,1,1,1,1,1,1,1,0,1,1,1,1,1,1,1,0],"boardsize":8,"boardtype":0,"hints":[[[0,6],[0,7],[1,7],[1,6]],[[2,4],[1,4],[0,4],[0,3]],[[3,7],[2,7],[2,6],[2,5]],[[3,6],[4,7],[5,7],[4,6]]]},
    {"patterns":[{"coords":[[0,0],[1,1],[1,0],[2,2],[2,1]],"rotating":true},{"coords":[[0,0],[0,1],[1,1],[2,1],[0,2],[1,2]],"rotating":true},{"coords":[[0,2],[1,1],[0,1],[2,0]],"rotating":true},{"coords":[[0,0],[1,0],[0,1]],"rotating":false}],"lockmoves":0,"boardcolors":[1,1,1,1,1,1,1,1,1,0,1,1,1,1,0,0,1,1,1,0,0,1,1,0,0],"boardsize":5,"boardtype":0,"hints":[[[0,0],[1,0],[0,1]],[[2,4],[1,3],[1,4],[0,2]],[[3,3],[2,2],[2,3],[1,1],[1,2]],[[4,0],[3,0],[3,1],[3,2],[2,0],[2,1]]]},
    {"h":12,"patterns":[{"coords":[[1,3],[1,2],[1,1],[0,0],[0,1]],"rotating":false},{"coords":[[0,0],[1,1],[2,1],[3,1],[4,0]],"rotating":false},{"coords":[[0,1],[1,1],[1,0],[1,2],[2,2]],"rotating":false},{"coords":[[0,0],[1,1],[0,2],[1,3],[0,4]],"rotating":true},{"coords":[[0,2],[1,1],[1,0],[2,0]],"rotating":false},{"coords":[[1,0],[0,1],[1,2],[2,2],[2,1]],"rotating":false},{"coords":[[4,0],[3,1],[2,0],[1,1],[0,0]],"rotating":false},{"coords":[[4,0],[2,0],[0,0],[0,1]],"rotating":false},{"coords":[[0,0],[2,0],[1,1],[1,2],[1,3]],"rotating":false},{"coords":[[4,0],[2,0],[2,1],[0,1]],"rotating":false}],"lockmoves":0,"boardcolors":[0,0,0,0,0,0,0,0,0,0,0,1,0,0,1,1,0,0,0,0,0,1,1,1,1,1,0,0,0,0,0,1,1,0,1,1,0,0,1,1,0,1,1,0,1,1,1,1,1,1,1,1,1,0,1,1,1,1,1,0,0,1,1,0,0,0,0,0,1,0,0,0,0,0,1,1,1,1,1,1,0,0,1,1,1,1,1,1,1,0,0,0,0,1,0,0,0,0,0,0],"boardsize":10,"boardtype":0,"hints":[[[0,5],[1,5],[1,4],[1,6],[2,6]],[[2,5],[2,4],[2,3],[1,2],[1,3]],[[1,1],[2,2],[3,2],[4,2],[5,1]],[[6,7],[4,7],[4,8],[2,8]]]},
    {"h":9,"patterns":[{"coords":[[0,0],[1,0],[2,0],[1,1],[1,2]],"rotating":true},{"coords":[[2,0],[2,1],[0,2],[1,1]],"rotating":false},{"coords":[[1,1],[1,0],[0,0],[0,1]],"rotating":false},{"coords":[[1,1],[0,1],[1,0]],"rotating":true},{"coords":[[2,0],[1,1],[0,2]],"rotating":true}],"lockmoves":0,"boardcolors":[0,0,1,1,0,0,1,1,1,1,1,1,1,1,1,1,1,1,1,1,0,1,1,1,0],"boardsize":5,"boardtype":0,"hints":[[[1,3],[1,4],[0,3]],[[2,0],[1,1],[0,2]],[[3,0],[3,1],[1,2],[2,1]],[[3,4],[3,3],[2,3],[2,4]]]},
    {"h":6,"patterns":[{"coords":[[4,1],[3,1],[4,2],[3,2],[2,0],[1,4],[0,4]],"rotating":true},{"coords":[[5,2],[4,2],[3,2],[2,0],[1,0],[0,0],[0,1],[1,1]],"rotating":true},{"coords":[[0,0],[1,0],[1,1],[1,2],[0,2],[0,1],[2,2]],"rotating":false},{"coords":[[3,3],[2,3],[2,2],[2,1],[2,0],[0,1],[0,2]],"rotating":true}],"lockmoves":0,"boardcolors":[0,0,0,1,0,0,0,0,1,1,1,1,1,0,0,1,1,1,1,1,0,1,1,1,1,1,1,1,0,1,1,1,1,1,0,0,1,1,1,1,1,0,0,0,0,1,0,0,0],"boardsize":7,"boardtype":0,"hints":[[[1,1],[1,2],[2,1],[2,2],[0,3],[4,4],[4,5]],[[3,0],[3,1],[3,2],[1,3],[1,4],[1,5],[2,5],[2,4]],[[2,3],[3,3],[3,4],[3,5],[3,6],[5,5],[5,4]],[[4,1],[5,1],[5,2],[5,3],[4,3],[4,2],[6,3]]]},
    {"h":8,"patterns":[{"coords":[[0,4],[0,3],[0,2],[0,1],[1,2],[1,1],[1,0]],"rotating":true},{"coords":[[0,1],[0,0],[2,2],[2,3],[3,3]],"rotating":true},{"coords":[[0,0],[0,1],[2,1],[1,1],[1,2],[2,2]],"rotating":true},{"coords":[[1,2],[1,1],[1,0],[0,1]],"rotating":true}],"lockmoves":0,"boardcolors":[0,0,0,0,0,0,0,0,0,1,1,0,0,0,0,0,1,1,1,1,0,0,1,1,1,1,1,1,0,1,1,1,1,1,0,0,1,1,1,1,1,0,0,0,0,0,0,0,0],"boardsize":7,"boardtype":0,"hints":[[[1,3],[2,3],[2,1],[2,2],[3,2],[3,1]],[[2,5],[1,5],[3,3],[4,3],[4,2]],[[1,4],[2,4],[3,4],[4,4],[3,5],[4,5],[5,5]],[[5,2],[5,3],[5,4],[6,3]]]},
    {"patterns":[{"coords":[[3,2],[2,2],[1,1],[0,0],[0,1],[1,2]],"rotating":true},{"coords":[[0,0],[0,1],[0,2],[1,2],[2,2],[1,1],[2,3]],"rotating":true},{"coords":[[1,1],[1,2],[1,3],[1,4],[0,1],[0,2],[1,0]],"rotating":true},{"coords":[[1,0],[1,1],[0,2],[1,2],[2,2],[0,3]],"rotating":true},{"coords":[[0,0],[1,0],[0,1],[0,2],[1,2],[2,2],[2,1],[1,1],[4,1]],"rotating":true},{"coords":[[2,3],[1,3],[1,2],[1,1],[2,1],[3,1],[0,1],[0,0]],"rotating":true}],"lockmoves":0,"boardcolors":[0,0,0,1,1,0,0,0,0,1,1,1,1,1,1,0,0,1,1,1,1,1,1,0,1,1,1,1,1,1,1,1,1,1,1,1,1,1,1,1,0,1,1,1,1,1,1,0,0,1,1,1,1,1,1,0,0,0,0,1,0,0,0,0],"boardsize":8,"boardtype":0,"hints":[[[2,6],[1,6],[1,5],[1,4],[2,4],[3,4],[0,4],[0,3]],[[3,1],[3,2],[2,1],[1,1],[1,2],[1,3],[2,3],[2,2],[2,5]],[[3,7],[3,6],[4,5],[5,4],[4,4],[3,5]],[[6,1],[5,1],[4,0],[4,1],[4,2],[3,0]]]},
    {"h":8,"patterns":[{"coords":[[1,1],[1,2],[2,2],[2,3],[1,3],[0,1],[0,2],[0,0]],"rotating":true},{"coords":[[2,1],[1,1],[0,1],[3,0],[4,0],[2,0]],"rotating":true},{"coords":[[3,0],[3,1],[2,2],[1,2],[3,2],[1,1],[0,1]],"rotating":true},{"coords":[[0,0],[1,0],[2,0],[2,1],[2,3],[2,2],[1,1],[1,2],[1,3]],"rotating":true}],"lockmoves":0,"boardcolors":[0,0,0,0,0,0,0,0,0,1,1,1,1,1,0,0,0,1,1,1,1,1,1,0,0,1,1,1,1,1,1,0,0,1,1,1,1,1,1,0,0,0,1,1,1,1,0,0,0,0,0,1,1,1,0,0,0,0,0,0,0,0,0,0],"boardsize":8,"boardtype":0,"hints":[[[3,4],[2,4],[1,4],[1,3],[1,1],[1,2],[2,3],[2,2],[2,1]],[[3,3],[3,2],[3,1],[4,4],[4,5],[4,3]],[[5,4],[5,5],[4,6],[3,6],[5,6],[3,5],[2,5]],[[5,3],[5,2],[4,2],[4,1],[5,1],[6,3],[6,2],[6,4]]]},
    {"patterns":[{"coords":[[3,0],[3,1],[2,2],[1,2],[0,2],[4,2]],"rotating":true},{"coords":[[0,3],[0,2],[0,0],[1,1],[2,1],[3,1],[3,0]],"rotating":true},{"coords":[[2,0],[1,0],[1,1],[2,1],[0,1],[0,0]],"rotating":true},{"coords":[[1,2],[1,1],[0,0],[1,0],[2,0],[2,1],[2,2]],"rotating":true},{"coords":[[0,0],[0,1]],"rotating":false}],"lockmoves":0,"boardcolors":[0,0,0,0,0,0,0,0,0,0,0,0,0,0,1,1,1,1,1,1,1,1,1,1,1,1,1,1,1,1,1,1,1,1,1,1,1,1,1,1,1,1,0,0,0,0,0,0,0],"boardsize":7,"boardtype":0,"hints":[[[0,3],[0,4]],[[1,4],[1,3],[0,2],[1,2],[2,2],[2,3],[2,4]],[[3,3],[3,4],[2,5],[1,5],[0,5],[4,5]],[[6,5],[5,5],[3,5],[4,4],[4,3],[4,2],[3,2]]]},
    {"h":10,"patterns":[{"coords":[[0,0],[1,0],[2,2],[2,3]],"rotating":false},{"coords":[[2,2],[2,3],[1,0],[0,0]],"rotating":true},{"coords":[[1,1],[0,1],[0,0],[1,0]],"rotating":false},{"coords":[[2,2],[1,2],[1,1],[1,0],[0,0],[3,0]],"rotating":true},{"coords":[[0,0],[1,0],[1,1],[0,1],[2,0]],"rotating":true},{"coords":[[2,1],[1,1],[0,1],[1,0]],"rotating":true}],"lockmoves":0,"boardcolors":[0,1,1,0,1,1,0,1,1,1,1,1,1,1,1,1,1,1,1,1,1,0,1,1,1,1,1,0,0,0,1,1,1,0,0,0,0,0,1,0,0,0,0,0,0,0,0,0,0],"boardsize":7,"boardtype":0,"hints":[[[1,1],[1,2],[0,2],[0,1],[1,3]],[[1,0],[2,0],[3,2],[3,3]],[[2,4],[3,4],[4,4],[3,5]],[[4,0],[5,0],[2,1],[2,2]]]},
    {"patterns":[{"coords":[[4,1],[4,0],[4,2],[3,3],[3,2],[2,2],[1,2],[0,2],[0,3],[0,4],[0,5]],"rotating":true},{"coords":[[5,1],[5,0],[4,0],[4,1],[2,2],[1,2],[0,2],[0,1]],"rotating":true},{"coords":[[0,1],[1,1],[4,0],[5,0]],"rotating":false},{"coords":[[0,1],[1,1],[1,2],[2,2],[2,4],[2,5],[1,0]],"rotating":true},{"coords":[[0,3],[0,0]],"rotating":true}],"lockmoves":0,"boardcolors":[0,0,0,0,0,0,0,0,0,0,1,0,0,1,0,0,0,1,1,1,1,1,1,0,0,1,1,1,1,1,1,0,0,1,1,1,1,1,1,0,0,1,1,1,1,1,1,0,0,1,1,1,1,1,1,0,0,0,0,0,0,0,0,0],"boardsize":8,"boardtype":0,"hints":[[[2,1],[5,1]],[[1,3],[2,3],[5,2],[6,2]],[[2,5],[2,4],[3,4],[3,3],[5,3],[6,3],[1,4]],[[6,5],[6,4],[5,4],[5,5],[3,6],[2,6],[1,6],[1,5]]]},
    {"patterns":[{"coords":[[4,2],[3,0],[3,1],[3,2],[3,3],[3,4],[1,2],[0,2]],"rotating":true},{"coords":[[0,5],[0,3],[0,2],[1,0],[1,1],[2,5],[2,4]],"rotating":true},{"coords":[[1,2],[2,2],[3,1],[2,0],[1,0],[0,0]],"rotating":true},{"coords":[[2,2],[0,2],[1,2],[0,0]],"rotating":true},{"coords":[[0,3],[0,2],[0,0],[1,0]],"rotating":false}],"lockmoves":0,"boardcolors":[0,0,0,0,0,0,0,0,1,1,1,1,1,1,1,1,1,1,1,1,1,0,1,1,1,1,1,1,0,1,1,1,1,1,0,0,1,1,1,1,0,0,0,0,1,0,0,0,0],"boardsize":7,"boardtype":0,"hints":[[[2,1],[0,2],[1,2],[2,2],[3,2],[4,2],[2,4],[2,5]],[[1,4],[1,5],[2,6],[3,5],[3,4],[3,3]],[[1,1],[3,1],[4,1],[6,2],[5,2],[1,3],[2,3]],[[4,5],[4,3],[4,4],[6,3]]]},
    {"patterns":[{"coords":[[4,3],[4,2],[4,4],[3,1],[3,0],[2,0],[0,0],[1,0]],"rotating":true},{"coords":[[0,0],[1,1],[1,2],[2,2],[3,2],[4,2],[4,4]],"rotating":true},{"coords":[[1,4],[1,1],[0,2],[1,2],[1,3],[0,3],[0,0]],"rotating":true},{"coords":[[2,3],[0,1],[2,0],[2,1],[1,3],[0,3],[1,0]],"rotating":true},{"coords":[[0,0],[1,0],[1,1],[2,0]],"rotating":true}],"lockmoves":0,"boardcolors":[0,0,0,0,0,0,0,1,1,1,1,1,1,1,1,1,1,1,1,1,1,1,1,1,1,1,1,1,1,1,1,1,1,1,1,0,1,1,1,1,1,0,0,0,0,0,0,0,0],"boardsize":7,"boardtype":0,"hints":[[[0,2],[1,2],[1,3],[2,2]],[[0,1],[2,3],[0,4],[0,3],[1,1],[2,1],[1,4]],[[1,5],[2,4],[3,4],[3,3],[3,2],[3,1],[5,1]],[[3,5],[4,5],[2,5],[5,4],[6,4],[6,3],[6,1],[6,2]]]},
    {"patterns":[{"coords":[[5,1],[5,0],[3,0],[2,0],[1,0],[0,0]],"rotating":true},{"coords":[[0,0],[0,1],[1,1],[4,2],[4,1],[4,0]],"rotating":true},{"coords":[[0,1],[3,0],[4,0],[5,1]],"rotating":true},{"coords":[[0,0],[1,0],[2,0],[3,0]],"rotating":true},{"coords":[[0,0],[1,0],[2,0]],"rotating":true},{"coords":[[0,0],[2,1],[2,2],[3,2],[3,1]],"rotating":true}],"lockmoves":0,"boardcolors":[0,0,0,0,0,0,0,0,0,1,1,0,0,1,1,0,0,1,1,0,0,1,1,0,0,1,1,1,1,1,1,0,0,1,1,1,1,1,1,0,0,1,1,0,0,1,1,0,0,1,1,0,0,1,1,0,0,0,0,0,0,0,0,0],"boardsize":8,"boardtype":0,"hints":[[[1,1],[1,2],[1,3]],[[1,6],[2,6],[2,4],[2,3],[2,2],[2,1]],[[1,4],[1,5],[2,5],[5,6],[5,5],[5,4]],[[5,1],[4,3],[3,3],[3,4],[4,4]]]},
    {"h":26,"patterns":[{"coords":[[2,2],[2,1],[2,0],[1,2],[0,2],[0,1]],"rotating":true},{"coords":[[2,2],[2,1],[1,0],[0,1]],"rotating":false},{"coords":[[0,1],[0,0],[2,0],[1,0]],"rotating":false},{"coords":[[0,2],[2,0],[2,1],[2,2],[1,2]],"rotating":true},{"coords":[[0,1],[0,0],[1,1]],"rotating":true},{"coords":[[0,0],[2,0],[0,2]],"rotating":false},{"coords":[[0,1],[1,1],[2,1],[1,0]],"rotating":false}],"lockmoves":0,"boardcolors":[0,0,0,1,0,0,0,0,0,1,2,1,0,0,0,1,1,1,1,1,0,1,1,2,1,2,1,1,0,0,1,1,1,0,0,0,0,1,2,1,0,0,0,0,1,1,1,0,0],"boardsize":7,"boardtype":1,"hints":[[[2,4],[2,3],[1,2],[0,3]],[[2,2],[2,1],[4,1],[3,1]],[[3,3],[2,3],[1,3],[3,4],[3,5],[2,5]],[[2,6],[3,6],[4,6],[3,5]]]},
    {"h":35,"patterns":[{"coords":[[4,2],[3,1],[2,0],[1,1],[0,2]],"rotating":true},{"coords":[[2,3],[1,3],[0,3],[3,2],[3,1],[3,0]],"rotating":true},{"coords":[[0,1],[1,0],[1,1],[2,1]],"rotating":false},{"coords":[[1,3],[0,2],[0,1],[0,0]],"rotating":true},{"coords":[[3,1],[0,1],[2,1],[2,0],[3,0]],"rotating":true}],"lockmoves":0,"boardcolors":[0,0,0,1,0,0,0,0,0,1,0,1,0,0,0,1,1,1,1,1,0,0,1,1,0,1,1,0,0,1,0,1,0,1,0,0,1,1,0,1,1,0,0,1,1,1,1,1,0],"boardsize":7,"boardtype":0,"hints":[[[1,6],[2,5],[2,6],[3,6]],[[3,0],[2,1],[1,2],[2,3],[3,4]],[[2,2],[3,2],[4,2],[1,3],[1,4],[1,5]],[[4,1],[5,2],[5,3],[5,4]]]},
        {"tutorial":"tut_3","h":5,"lockmoves":1,"patterns":[{"coords":[[0,0],[1,0],[2,0],[3,0],[4,0]],"rotating":false},{"coords":[[1,2],[1,1],[1,0],[0,0],[2,0]],"rotating":false},{"coords":[[0,2],[0,0],[1,0],[2,0],[2,2]],"rotating":false},{"coords":[[0,0],[2,0],[1,2],[1,0]],"rotating":false},{"coords":[[0,2],[0,0]],"rotating":false}],"boardcolors":[0,0,1,0,0,0,0,1,1,1,0,0,1,2,3,2,1,0,0,1,2,1,0,0,0,1,1,1,0,0,0,0,1,0,0,0],"boardsize":6,"boardtype":2,"hints":[[[0,2],[1,2],[2,2],[3,2],[4,2]],[[2,5],[2,4],[2,3],[1,3],[3,3]],[[1,4],[1,2],[2,2],[3,2],[3,4]],[[1,1],[3,1],[2,3],[2,1]]]},
    {"h":8,"patterns":[{"coords":[[0,0],[0,1],[0,2],[1,2],[2,2],[2,1],[2,0],[1,0],[1,1]],"rotating":false},{"coords":[[0,0],[0,1],[0,2],[1,2],[2,2],[1,1],[2,1],[2,0],[1,0]],"rotating":false},{"coords":[[0,0],[0,1],[0,2],[1,2],[1,1],[1,0],[2,0],[2,1],[2,2]],"rotating":false},{"coords":[[0,0],[0,1],[0,2],[1,2],[2,2],[2,1],[2,0],[1,0],[1,1]],"rotating":false},{"coords":[[0,2],[1,2],[2,2],[2,1],[1,1],[0,1],[0,0],[1,0],[2,0]],"rotating":false}],"lockmoves":1,"boardcolors":[0,0,0,0,0,0,0,0,1,1,2,1,1,0,0,1,1,2,2,1,0,0,1,2,3,2,1,0,0,1,2,2,1,1,0,0,1,1,2,1,1,0,0,0,0,0,0,0,0],"boardsize":7,"boardtype":2,"hints":[[[3,1],[3,2],[3,3],[4,3],[5,3],[5,2],[5,1],[4,1],[4,2]],[[3,3],[3,4],[3,5],[4,5],[5,5],[4,4],[5,4],[5,3],[4,3]],[[2,2],[2,3],[2,4],[3,4],[3,3],[3,2],[4,2],[4,3],[4,4]],[[1,1],[1,2],[1,3],[2,3],[3,3],[3,2],[3,1],[2,1],[2,2]]]},
    {"patterns":[{"coords":[[0,0],[0,1],[0,2],[0,4],[0,3],[1,3],[1,2],[2,1],[2,0]],"rotating":true},{"coords":[[0,0],[0,3],[0,2],[1,2],[2,2],[3,2],[3,1]],"rotating":false},{"coords":[[1,4],[1,3],[1,2],[2,2],[2,1],[2,0],[0,0]],"rotating":true},{"coords":[[0,2],[0,4],[1,4],[1,1],[1,0]],"rotating":false}],"lockmoves":1,"boardcolors":[0,0,0,0,0,0,0,0,1,1,1,1,1,0,0,1,1,1,1,1,0,0,1,1,1,1,1,0,0,1,1,1,1,1,0,0,1,1,1,1,1,0,0,0,0,0,0,0,0],"boardsize":7,"boardtype":2,"hints":[[[1,1],[1,2],[1,3],[1,5],[1,4],[2,4],[2,3],[3,2],[3,1]],[[2,2],[2,5],[2,4],[3,4],[4,4],[5,4],[5,3]],[[3,5],[3,4],[3,3],[4,3],[4,2],[4,1],[2,1]],[[4,3],[4,5],[5,5],[5,2],[5,1]]]},
    {"h":5,"patterns":[{"coords":[[1,2],[0,1],[1,1],[1,0],[2,0]],"rotating":false},{"coords":[[0,2],[0,1],[1,1],[1,0]],"rotating":false},{"coords":[[0,0],[1,0],[1,1],[0,1],[0,2]],"rotating":false},{"coords":[[0,3],[1,3],[2,2],[2,1],[2,0]],"rotating":false},{"coords":[[0,1],[1,1],[1,0],[0,0]],"rotating":false}],"lockmoves":1,"boardcolors":[0,1,1,1,0,1,1,1,1,1,1,1,3,1,1,1,1,1,1,1,0,1,1,1,0],"boardsize":5,"boardtype":2,"hints":[[[1,4],[0,3],[1,3],[1,2],[2,2]],[[0,2],[0,1],[1,1],[1,0]],[[2,0],[3,0],[3,1],[2,1],[2,2]],[[2,4],[3,4],[4,3],[4,2],[4,1]]]},
    {"h":8,"patterns":[{"coords":[[0,2],[1,2],[1,1],[1,0]],"rotating":false},{"coords":[[0,0],[0,1]],"rotating":false},{"coords":[[0,1],[1,1],[2,1],[2,0]],"rotating":false},{"coords":[[1,0],[0,0],[0,1],[0,2],[1,2],[1,1],[2,2]],"rotating":false},{"coords":[[0,1],[0,2],[1,2],[2,2],[2,1],[1,0]],"rotating":false},{"coords":[[0,0]],"rotating":false}],"lockmoves":1,"boardcolors":[1,1,1,1,1,2,2,1,1,2,2,1,1,2,1,1],"boardsize":4,"boardtype":2,"hints":[[[1,2],[2,2],[2,1],[2,0]],[[0,2],[0,3]],[[1,0],[0,0],[0,1],[0,2],[1,2],[1,1],[2,2]],[[1,2],[1,3],[2,3],[3,3],[3,2],[2,1]]]},
    {"patterns":[{"coords":[[4,0],[3,1],[1,3],[0,4]],"rotating":false},{"coords":[[0,2],[1,2],[2,2],[3,2],[4,2],[2,3],[2,4],[2,1],[2,0]],"rotating":false},{"coords":[[0,0],[0,1],[0,2],[2,0],[2,1],[2,2],[4,0],[4,1],[4,2]],"rotating":false},{"coords":[[2,4],[2,3],[1,2],[0,1],[0,0]],"rotating":false},{"coords":[[0,0],[1,1],[2,2],[3,3],[4,4]],"rotating":false}],"lockmoves":1,"boardcolors":[1,1,1,0,1,1,1,1,1,1,1,1,2,1,1,1,1,1,1,1,1,0,1,1,1],"boardsize":5,"boardtype":2,"hints":[[[4,0],[3,1],[1,3],[0,4]],[[0,2],[1,2],[2,2],[3,2],[4,2],[2,3],[2,4],[2,1],[2,0]],[[0,1],[0,2],[0,3],[2,1],[2,2],[2,3],[4,1],[4,2],[4,3]],[[3,4],[3,3],[2,2],[1,1],[1,0]]]},
    {"h":12,"patterns":[{"coords":[[0,2],[1,2],[1,1],[1,0]],"rotating":false},{"coords":[[2,0],[1,0],[0,0]],"rotating":false},{"coords":[[1,0],[0,0],[0,1],[0,2],[1,1]],"rotating":false},{"coords":[[1,2],[0,2],[0,1],[0,0]],"rotating":false}],"lockmoves":1,"boardcolors":[0,2,0,0,0,2,1,1,1,2,1,0,0,1,0,0],"boardsize":4,"boardtype":2,"hints":[[[0,2],[1,2],[1,1],[1,0]],[[3,1],[2,1],[1,1]],[[2,1],[1,1],[1,2],[1,3],[2,2]],[[2,2],[1,2],[1,1],[1,0]]]},
    {"patterns":[{"coords":[[2,0],[2,1],[2,2],[1,2],[1,1],[1,0],[0,0],[0,1],[0,2]],"rotating":false},{"coords":[[2,1],[1,1],[0,1],[0,0],[1,0],[2,0],[2,2],[1,2],[0,2]],"rotating":false},{"coords":[[0,0],[0,1],[0,2],[1,2],[1,1],[1,0],[2,0],[2,1],[2,2]],"rotating":false},{"coords":[[0,0],[0,1],[0,2],[1,2],[1,1],[1,0],[2,0],[2,1],[2,2]],"rotating":false},{"coords":[[0,0],[0,1],[0,2],[1,2],[1,1],[1,0],[2,0],[2,1],[2,2]],"rotating":false},{"coords":[[0,0],[0,1],[0,2],[1,2],[1,1],[1,0],[2,0],[2,1],[2,2]],"rotating":false},{"coords":[[0,0],[0,1],[0,2],[1,2],[1,1],[1,0],[2,0],[2,1],[2,2]],"rotating":false},{"coords":[[2,2],[1,2],[0,2],[0,1],[0,0],[1,0],[1,1],[2,1],[2,0]],"rotating":false}],"lockmoves":1,"boardcolors":[0,0,1,1,1,1,1,0,0,0,1,1,1,1,1,0,0,0,2,2,3,2,2,0,0,0,1,2,2,1,1,0,0,0,2,3,3,1,1,0,0,0,1,2,2,2,1,0,0,0,1,1,2,1,1,0,0,0,1,1,2,1,1,0],"boardsize":8,"boardtype":2,"hints":[[[4,0],[4,1],[4,2],[3,2],[3,1],[3,0],[2,0],[2,1],[2,2]],[[6,1],[5,1],[4,1],[4,0],[5,0],[6,0],[6,2],[5,2],[4,2]],[[2,2],[2,3],[2,4],[3,4],[3,3],[3,2],[4,2],[4,3],[4,4]],[[4,5],[4,6],[4,7],[5,7],[5,6],[5,5],[6,5],[6,6],[6,7]]]},
    {"h":12,"patterns":[{"coords":[[0,0],[0,1],[0,2],[0,3]],"rotating":false},{"coords":[[0,0],[1,0],[2,0],[3,0]],"rotating":false},{"coords":[[0,1],[0,2],[0,3],[0,0]],"rotating":false},{"coords":[[0,0],[1,0],[2,0],[3,0]],"rotating":false},{"coords":[[0,3],[0,2],[0,1],[0,0]],"rotating":false},{"coords":[[3,0],[2,0],[1,0],[0,0]],"rotating":false},{"coords":[[0,0],[0,1],[0,2],[0,3]],"rotating":false}],"lockmoves":1,"boardcolors":[0,0,0,0,0,0,0,0,1,0,1,1,0,0,0,1,1,2,1,1,0,1,1,2,1,1,0,0,0,1,1,2,2,0,0,0,0,1,0,0,0,0,0,0,0,0,0,0,0],"boardsize":7,"boardtype":2,"hints":[[[3,1],[3,2],[3,3],[3,4]],[[0,3],[1,3],[2,3],[3,3]],[[1,2],[1,3],[1,4],[1,1]],[[1,4],[2,4],[3,4],[4,4]]]},
    {"patterns":[{"coords":[[3,0],[2,1],[0,0],[0,1]],"rotating":false},{"coords":[[0,0],[0,1],[1,0],[1,1]],"rotating":false},{"coords":[[1,0],[1,1],[0,1],[0,0],[2,1]],"rotating":false},{"coords":[[2,0],[1,1],[0,2],[0,3]],"rotating":false},{"coords":[[0,0],[1,0],[1,1],[2,1],[3,1]],"rotating":false},{"coords":[[2,1],[1,1],[0,2],[0,1],[1,0]],"rotating":false},{"coords":[[0,0],[3,2],[3,3],[0,3]],"rotating":false},{"coords":[[0,1],[2,0],[3,0]],"rotating":false}],"lockmoves":1,"boardcolors":[2,1,1,2,1,2,2,1,1,2,2,1,2,1,1,2],"boardsize":4,"boardtype":2,"hints":[[[3,0],[2,1],[0,0],[0,1]],[[0,0],[0,1],[1,0],[1,1]],[[2,0],[2,1],[1,1],[1,0],[3,1]],[[3,0],[2,1],[1,2],[1,3]]]},
    {"patterns":[{"coords":[[1,2],[1,1],[1,0],[2,1],[0,1]],"rotating":false},{"coords":[[1,0],[1,1],[2,1],[1,2],[0,1]],"rotating":false},{"coords":[[1,0],[1,1],[1,2],[0,1],[2,1]],"rotating":false},{"coords":[[0,1],[1,1],[1,0],[1,2],[2,1]],"rotating":false},{"coords":[[0,1],[1,1],[1,2],[1,0],[2,1]],"rotating":false},{"coords":[[0,1],[1,1],[1,0],[1,2],[2,1]],"rotating":false},{"coords":[[1,0],[1,1],[0,1],[1,2],[2,1]],"rotating":false}],"lockmoves":1,"boardcolors":[0,0,0,0,0,0,0,0,1,1,0,0,0,1,2,2,1,0,1,1,3,3,2,1,0,2,1,1,1,0,0,0,1,0,0,0],"boardsize":6,"boardtype":2,"hints":[[[3,4],[3,3],[3,2],[4,3],[2,3]],[[2,3],[2,4],[3,4],[2,5],[1,4]],[[2,2],[2,3],[2,4],[1,3],[3,3]],[[0,3],[1,3],[1,2],[1,4],[2,3]]]},
    {"h":26,"patterns":[{"coords":[[0,0],[0,1],[1,1],[1,0]],"rotating":false},{"coords":[[0,0],[0,1],[1,1],[1,0]],"rotating":false},{"coords":[[0,1],[0,0],[1,0],[1,1]],"rotating":false},{"coords":[[0,0],[0,1],[1,1],[1,0]],"rotating":false},{"coords":[[1,1],[1,0],[0,0],[0,1]],"rotating":false},{"coords":[[0,0],[0,1],[1,1],[1,0]],"rotating":false},{"coords":[[0,0],[0,1],[1,1],[1,0]],"rotating":false},{"coords":[[0,0],[0,1],[1,1],[1,0]],"rotating":false},{"coords":[[0,0],[0,1],[0,2],[1,0],[2,0]],"rotating":false},{"coords":[[0,0],[0,1],[1,1],[1,0]],"rotating":false}],"lockmoves":1,"boardcolors":[1,2,1,0,1,1,1,2,4,2,0,1,3,2,1,2,1,0,1,2,1,0,0,0,0,0,0,0,0,0,0,0,1,1,1,0,0,0,0,1,1,1,0,0,0,0,1,1,1],"boardsize":7,"boardtype":2,"hints":[[[5,0],[6,0],[5,1],[6,1]],[[4,0],[5,0],[4,1],[5,1]],[[4,1],[5,1],[4,2],[5,2]],[[0,0],[1,0],[0,1],[1,1]]]},
    {"patterns":[{"coords":[[0,0],[0,1],[0,2],[0,3]],"rotating":false},{"coords":[[0,0],[1,0],[2,0],[3,0]],"rotating":false},{"coords":[[0,0],[0,1],[0,2],[0,3]],"rotating":false},{"coords":[[0,0],[1,0],[2,0],[3,0]],"rotating":false},{"coords":[[0,0],[0,1],[0,2],[0,3]],"rotating":false},{"coords":[[0,0],[1,0],[2,0],[3,0]],"rotating":false},{"coords":[[0,0],[0,1],[0,2],[0,3]],"rotating":false},{"coords":[[3,0],[2,0],[1,0],[0,0]],"rotating":false},{"coords":[[3,0],[2,0],[1,0],[0,0]],"rotating":false}],"lockmoves":1,"boardcolors":[0,0,1,0,0,0,0,0,1,1,1,1,1,0,0,1,1,1,1,1,0,0,1,1,1,1,1,1,0,1,0,0,1,1,0,1,1,1,1,1,1,0,0,0,0,0,1,0,0],"boardsize":7,"boardtype":2,"hints":[[[2,1],[3,1],[4,1],[5,1]],[[2,0],[2,1],[2,2],[2,3]],[[2,2],[3,2],[4,2],[5,2]],[[5,2],[5,3],[5,4],[5,5]]]},
    {"patterns":[{"coords":[[0,0],[0,1],[0,2],[1,2],[1,1],[1,0]],"rotating":false},{"coords":[[0,0],[0,1],[1,1],[1,0],[2,0],[2,1]],"rotating":false},{"coords":[[0,0],[0,1],[0,2],[1,2],[1,1],[1,0]],"rotating":false},{"coords":[[0,0],[0,1],[0,2],[1,2],[1,1],[1,0]],"rotating":false},{"coords":[[0,0],[0,1],[1,1],[1,0],[2,0],[2,1]],"rotating":false},{"coords":[[0,0],[1,0],[1,1],[1,2],[0,2],[0,1]],"rotating":false}],"lockmoves":1,"boardcolors":[0,0,0,0,0,0,1,1,1,1,1,0,1,1,2,3,1,0,1,2,2,3,1,0,0,1,1,1,1,0,0,1,1,0,0,0],"boardsize":6,"boardtype":2,"hints":[[[0,1],[0,2],[0,3],[1,3],[1,2],[1,1]],[[1,2],[1,3],[2,3],[2,2],[3,2],[3,3]],[[1,3],[1,4],[1,5],[2,5],[2,4],[2,3]],[[2,1],[2,2],[2,3],[3,3],[3,2],[3,1]]]},
    {"patterns":[{"coords":[[0,2],[1,2],[2,2],[1,0],[1,1]],"rotating":false},{"coords":[[1,2],[2,2],[2,1],[1,1],[1,0],[0,1],[0,0]],"rotating":false},{"coords":[[0,2],[0,3],[0,1],[1,1],[1,2],[1,3],[2,1],[2,2],[2,3],[1,0]],"rotating":false},{"coords":[[0,0],[1,2],[1,1],[0,1],[0,2]],"rotating":false},{"coords":[[0,0],[1,0],[0,1],[1,1],[2,1],[3,2],[2,2]],"rotating":false},{"coords":[[2,1],[0,2],[0,1],[0,0],[1,1],[1,0]],"rotating":false},{"coords":[[0,3],[1,2],[2,1],[1,1],[1,0]],"rotating":false}],"lockmoves":1,"boardcolors":[0,0,1,1,1,0,0,0,1,1,1,1,1,0,1,1,1,1,1,1,1,1,1,1,1,1,1,1,1,1,1,1,1,1,1,0,1,1,1,1,1,0,0,0,1,1,1,0,0],"boardsize":7,"boardtype":2,"hints":[[[2,5],[3,5],[4,5],[3,3],[3,4]],[[2,6],[3,6],[3,5],[2,5],[2,4],[1,5],[1,4]],[[0,3],[0,4],[0,2],[1,2],[1,3],[1,4],[2,2],[2,3],[2,4],[1,1]],[[2,0],[3,2],[3,1],[2,1],[2,2]]]},
    {"patterns":[{"coords":[[4,0],[3,1],[2,2],[1,3],[0,4]],"rotating":false},{"coords":[[0,0],[0,2],[1,2],[2,2]],"rotating":false},{"coords":[[0,2],[0,0],[1,0],[2,0]],"rotating":false},{"coords":[[1,1],[0,0],[0,2]],"rotating":false},{"coords":[[0,1],[1,0],[2,1]],"rotating":false},{"coords":[[0,1],[2,1],[2,0]],"rotating":false},{"coords":[[1,1],[1,0],[0,0]],"rotating":false},{"coords":[[0,0],[0,1],[1,1],[1,0]],"rotating":false},{"coords":[[0,4],[0,3],[0,2],[0,1],[0,0]],"rotating":false},{"coords":[[1,1],[3,0],[2,0],[1,0],[0,0],[2,2]],"rotating":false},{"coords":[[0,1],[1,0],[1,1]],"rotating":false}],"lockmoves":1,"boardcolors":[1,1,1,1,1,1,1,1,1,0,0,0,2,1,1,0,2,0,2,0,1,1,0,0,2,0,0,1,1,0,2,0,1,0,1,1,2,0,0,0,1,1,1,1,1,1,2,1,2],"boardsize":7,"boardtype":2,"hints":[[[0,0],[1,0],[2,0],[3,0],[1,1],[2,2]],[[1,5],[2,4],[3,3],[4,2],[5,1]],[[4,4],[6,4],[6,3]],[[4,6],[5,5],[6,6]]]},
    {"patterns":[{"coords":[[0,0],[0,1],[0,2],[1,2],[1,1]],"rotating":false},{"coords":[[0,0],[0,1],[0,2],[1,2],[2,2],[2,1],[1,1],[1,0],[2,0]],"rotating":false},{"coords":[[2,0],[1,0],[1,1],[2,1],[0,0]],"rotating":false},{"coords":[[0,0],[1,0],[1,1],[1,2],[2,2]],"rotating":true},{"coords":[[0,0],[0,1],[1,1],[1,2],[0,2]],"rotating":false}],"lockmoves":1,"boardcolors":[0,1,0,0,0,0,0,1,1,1,0,0,0,2,2,2,1,0,1,1,2,2,1,0,0,1,2,2,1,0,0,0,0,0,0,0],"boardsize":6,"boardtype":2,"hints":[[[1,0],[1,1],[1,2],[2,2],[2,1]],[[2,2],[2,3],[2,4],[3,4],[4,4],[4,3],[3,3],[3,2],[4,2]],[[2,3],[1,3],[1,4],[2,4],[0,3]],[[3,1],[3,2],[2,2],[1,2],[1,3]]]},
    {"h":12,"patterns":[{"coords":[[0,1],[1,1],[2,1],[2,0],[3,0],[4,0]],"rotating":true},{"coords":[[2,0],[2,1],[2,2],[1,2],[0,2],[0,3],[0,4]],"rotating":true},{"coords":[[2,0],[1,0],[1,1],[1,2],[0,2],[0,1],[3,0]],"rotating":true},{"coords":[[2,0],[1,0],[2,1],[1,1],[0,1],[0,0],[0,2]],"rotating":true}],"lockmoves":1,"boardcolors":[0,0,0,0,0,0,0,0,1,1,1,0,0,0,0,1,1,2,1,0,0,0,1,1,2,2,1,0,0,1,2,1,1,1,0,0,0,1,1,1,0,0,0,0,1,0,0,0,0],"boardsize":7,"boardtype":1,"hints":[[[1,2],[1,3],[1,4],[2,4],[2,5],[2,6]],[[5,3],[4,3],[3,3],[3,2],[3,1],[2,1],[1,1]],[[2,3],[2,4],[3,4],[4,4],[4,5],[3,5],[2,2]],[[3,2],[3,3],[4,2],[4,3],[4,4],[3,4],[5,4]]]},
    {"patterns":[{"coords":[[0,0],[0,1],[1,2],[0,3],[1,3],[1,1],[1,0],[2,1],[2,2],[2,3]],"rotating":true},{"coords":[[0,1],[0,0],[1,0],[2,0],[2,1],[1,1],[1,2],[2,2],[3,2],[3,1]],"rotating":true},{"coords":[[1,0],[1,1],[0,2],[1,3],[1,4],[0,3],[0,1]],"rotating":false},{"coords":[[0,0],[1,0],[2,1],[2,0],[3,0],[4,0],[4,1],[5,0]],"rotating":false},{"coords":[[0,0],[0,1],[0,2],[1,1],[1,0]],"rotating":false}],"lockmoves":1,"boardcolors":[0,0,1,1,1,0,0,1,1,1,1,1,1,1,1,1,1,1,1,1,1,0,1,1,1,1,1,0,1,1,1,1,1,1,1,1,1,1,1,1,1,1,0,0,1,0,1,0,0],"boardsize":7,"boardtype":2,"hints":[[[0,1],[0,2],[1,3],[0,4],[1,4],[1,2],[1,1],[2,2],[2,3],[2,4]],[[2,1],[2,0],[3,0],[4,0],[4,1],[3,1],[3,2],[4,2],[5,2],[5,1]],[[6,1],[6,2],[5,3],[6,4],[6,5],[5,4],[5,2]],[[0,5],[1,5],[2,6],[2,5],[3,5],[4,5],[4,6],[5,5]]]},
    {"patterns":[{"coords":[[0,0],[0,1],[0,2],[0,3],[0,4]],"rotating":false},{"coords":[[4,0],[3,0],[2,0],[1,0],[0,0]],"rotating":false},{"coords":[[0,0],[0,1],[0,2],[0,3],[0,4]],"rotating":false},{"coords":[[0,0],[1,0],[2,0],[3,0],[4,0]],"rotating":false},{"coords":[[0,0],[0,1],[0,2],[0,3],[0,4]],"rotating":false},{"coords":[[4,0],[3,0],[2,0],[1,0],[0,0]],"rotating":false},{"coords":[[0,0],[0,1],[0,2],[0,3],[0,4]],"rotating":false},{"coords":[[4,0],[3,0],[2,0],[1,0],[0,0]],"rotating":false},{"coords":[[0,4],[0,3],[0,2],[0,1],[0,0]],"rotating":false}],"lockmoves":1,"boardcolors":[2,1,1,2,2,2,2,2,1,1,1,1,1,1,1,2,1,2,2,1,1,2,2,1,2],"boardsize":5,"boardtype":2,"hints":[[[0,0],[0,1],[0,2],[0,3],[0,4]],[[4,4],[3,4],[2,4],[1,4],[0,4]],[[3,0],[3,1],[3,2],[3,3],[3,4]],[[0,1],[1,1],[2,1],[3,1],[4,1]]]},
    {"patterns":[{"coords":[[0,0],[1,1],[2,2],[3,3]],"rotating":false},{"coords":[[3,0],[2,1],[1,2],[0,3]],"rotating":false},{"coords":[[0,0],[1,1],[2,2],[3,3]],"rotating":false},{"coords":[[3,0],[2,1],[1,2],[0,3]],"rotating":false},{"coords":[[3,3],[2,2],[1,1],[0,0]],"rotating":false},{"coords":[[3,0],[2,1],[1,2],[0,3]],"rotating":false},{"coords":[[0,0],[1,1],[2,2],[3,3]],"rotating":false},{"coords":[[1,2],[0,3],[2,1],[3,0]],"rotating":false},{"coords":[[0,0],[1,1],[2,2],[3,3]],"rotating":false},{"coords":[[0,3],[1,2],[2,1],[3,0]],"rotating":false},{"coords":[[0,0],[1,1],[2,2],[3,3]],"rotating":false},{"coords":[[0,2],[1,1],[2,0]],"rotating":false},{"coords":[[3,3],[2,2],[1,1],[0,0]],"rotating":false},{"coords":[[3,0],[2,1],[1,2],[0,3]],"rotating":false},{"coords":[[3,3],[2,2],[1,1],[0,0]],"rotating":false}],"lockmoves":1,"boardcolors":[0,0,1,0,2,0,1,0,0,1,0,2,0,1,0,1,1,0,1,0,2,0,1,0,0,1,0,3,0,3,0,2,1,0,2,0,3,0,2,0,0,1,0,2,0,2,0,1,1,0,1,0,2,0,1,0,0,1,0,1,0,1,0,1],"boardsize":8,"boardtype":2},
    {"h":60,"patterns":[{"coords":[[2,1],[1,1],[0,1],[0,0]],"rotating":false},{"coords":[[1,1],[2,1],[2,0],[1,0],[0,0]],"rotating":false},{"coords":[[1,1],[0,1],[0,0],[0,2],[0,3]],"rotating":false},{"coords":[[2,1],[1,1],[0,1],[0,0],[0,2]],"rotating":false},{"coords":[[1,0],[2,0],[3,0],[1,1],[0,1]],"rotating":false},{"coords":[[0,0],[1,1],[0,2],[2,1]],"rotating":false}],"lockmoves":1,"boardcolors":[0,0,1,0,0,0,0,1,1,1,1,0,0,1,1,2,1,0,0,2,2,2,1,1,1,1,1,1,0,0,0,1,0,0,0,0],"boardsize":6,"boardtype":2,"hints":[[[5,3],[4,3],[3,3],[3,2]],[[3,2],[4,2],[4,1],[3,1],[2,1]],[[3,1],[2,1],[2,0],[2,2],[2,3]],[[3,2],[2,2],[1,2],[1,1],[1,3]]]},
    {"patterns":[{"coords":[[3,0],[2,0],[1,1],[0,0],[0,1],[2,1],[3,1],[2,2],[1,2],[0,2]],"rotating":true},{"coords":[[0,1],[0,0],[1,0],[2,0],[2,1],[1,1],[1,2],[2,2],[3,2],[3,1]],"rotating":true},{"coords":[[4,1],[3,1],[2,0],[1,1],[0,1],[1,0],[3,0]],"rotating":true},{"coords":[[0,5],[0,4],[1,3],[0,3],[0,2],[0,1],[1,1],[0,0]],"rotating":true},{"coords":[[2,0],[1,0],[0,0],[1,1],[2,1]],"rotating":true}],"lockmoves":1,"boardcolors":[0,0,1,1,1,0,0,1,1,1,1,1,1,1,1,1,1,1,1,1,1,0,1,1,1,1,1,0,1,1,1,1,1,1,1,1,1,1,1,1,1,1,0,0,1,0,1,0,0],"boardsize":7,"boardtype":2,"hints":[[[0,1],[0,2],[1,3],[0,4],[1,4],[1,2],[1,1],[2,2],[2,3],[2,4]],[[2,1],[2,0],[3,0],[4,0],[4,1],[3,1],[3,2],[4,2],[5,2],[5,1]],[[6,1],[6,2],[5,3],[6,4],[6,5],[5,4],[5,2]],[[0,5],[1,5],[2,6],[2,5],[3,5],[4,5],[4,6],[5,5]]]},
        {"tutorial":"tut_4","patterns":[{"coords":[[2,0],[1,0],[1,2],[2,2],[0,0],[0,1],[0,2]],"rotating":true},{"coords":[[2,2],[1,2],[0,2],[0,1],[0,0],[1,0],[2,0]],"rotating":true},{"coords":[[2,0],[1,0],[0,0],[0,1],[0,2],[1,2],[2,2]],"rotating":true},{"coords":[[2,0],[1,0],[0,0],[0,1],[0,2],[1,2],[2,2]],"rotating":true},{"coords":[[2,0],[1,0],[0,0],[0,1],[0,2],[1,2],[2,2]],"rotating":true},{"coords":[[2,0],[1,0],[0,0],[0,2],[0,1],[1,2],[2,2]],"rotating":true},{"coords":[[2,0],[1,0],[0,0],[0,1],[0,2],[1,2],[2,2]],"rotating":true}],"lockmoves":2,"boardcolors":[0,1,1,1,0,0,0,0,1,1,1,1,0,0,0,2,3,3,2,0,0,0,2,2,2,2,0,0,0,2,2,2,2,0,0,0,1,2,2,1,0,0,0,1,1,1,0,0,0],"boardsize":7,"boardtype":2,"hints":[[[1,2],[2,2],[3,2],[1,3],[1,4],[2,4],[3,4]],[[2,1],[3,1],[4,1],[4,2],[4,3],[3,3],[2,3]],[[2,5],[3,5],[4,5],[4,4],[4,3],[3,3],[2,3]]]},
    {"patterns":[{"coords":[[0,0],[1,0],[2,0],[3,0],[4,0]],"rotating":false},{"coords":[[0,4],[0,3],[0,2],[0,1],[0,0]],"rotating":false},{"coords":[[0,4],[0,3],[0,2],[0,1],[0,0]],"rotating":false},{"coords":[[0,0],[1,0],[2,0],[3,0],[4,0]],"rotating":false},{"coords":[[0,0],[0,1],[0,2],[0,3],[0,4]],"rotating":false},{"coords":[[4,0],[3,0],[2,0],[1,0],[0,0]],"rotating":false},{"coords":[[0,4],[0,3],[0,2],[0,1],[0,0]],"rotating":false},{"coords":[[4,0],[3,0],[2,0],[1,0],[0,0]],"rotating":false},{"coords":[[4,0],[3,0],[2,0],[1,0],[0,0]],"rotating":false},{"coords":[[0,0],[0,1],[0,2],[0,3],[0,4]],"rotating":false},{"coords":[[0,0],[0,1],[0,2],[0,3],[0,4]],"rotating":false},{"coords":[[0,0],[1,0],[2,0],[3,0],[4,0]],"rotating":false}],"lockmoves":2,"boardcolors":[1,1,1,1,1,0,0,0,1,2,1,1,1,0,0,0,1,1,1,1,2,0,1,0,1,1,0,1,2,1,1,1,1,1,0,2,1,2,1,1,0,0,0,1,0,1,1,0,0,1,1,1,1,1,1,0,0,0,0,1,0,1,0,0],"boardsize":8,"boardtype":2,"hints":[[[1,6],[2,6],[3,6],[4,6],[5,6]],[[3,7],[3,6],[3,5],[3,4],[3,3]],[[5,7],[5,6],[5,5],[5,4],[5,3]]]},
    {"patterns":[{"coords":[[0,3],[1,2],[2,1],[3,0]],"rotating":false},{"coords":[[3,0],[2,0],[0,0],[1,0],[1,1],[1,2]],"rotating":true},{"coords":[[3,2],[2,2],[1,2],[0,2],[2,3],[2,0]],"rotating":true},{"coords":[[0,0],[0,2],[2,3],[3,3]],"rotating":true},{"coords":[[5,5],[4,4],[1,1],[0,0]],"rotating":false}],"lockmoves":2,"boardcolors":[1,0,0,0,0,0,0,1,1,1,1,0,0,1,1,1,1,0,0,1,1,1,1,0,0,1,1,1,1,0,0,0,0,0,0,1],"boardsize":6,"boardtype":0,"hints":[[[1,4],[2,3],[3,2],[4,1]],[[4,2],[3,2],[1,2],[2,2],[2,3],[2,4]],[[4,3],[3,3],[2,3],[1,3],[3,4],[3,1]],[[4,4],[4,2],[2,1],[1,1]]]},
    {"patterns":[{"coords":[[0,0],[0,1],[1,1],[1,0]],"rotating":false},{"coords":[[1,0],[0,0],[0,1],[1,1]],"rotating":false},{"coords":[[0,0],[0,1],[1,1],[1,0]],"rotating":false},{"coords":[[0,0],[0,1],[1,1],[1,0]],"rotating":false},{"coords":[[0,0],[0,1],[1,1]],"rotating":false},{"coords":[[0,0],[0,1],[1,1],[1,0]],"rotating":false},{"coords":[[0,0],[0,1],[1,1],[1,0]],"rotating":false},{"coords":[[0,0],[0,1],[1,1],[1,0]],"rotating":false}],"lockmoves":2,"boardcolors":[1,1,0,1,1,1,1,1,1,1,0,1,2,1,0,1,1,1,1,1,1,1,0,1,1],"boardsize":5,"boardtype":2,"hints":[[[0,0],[0,1],[1,1],[1,0]],[[1,0],[0,0],[0,1],[1,1]],[[0,0],[0,1],[1,1],[1,0]],[[3,0],[3,1],[4,1],[4,0]]]},
        {"tutorial":"tut_5","h":7,"lockmoves":0,"boardtype":0,"boardsize":4,"boardcolors":[0,1,1,0,1,1,1,1,1,1,1,1,0,1,1,0],"patterns": [{ "coords":[[1,0],[0,1],[1,1]], "rotating":0 },{ "coords":[[1,0],[0,1],[1,1]], "rotating":0 },{ "coords":[[1,0],[0,1],[1,1]], "rotating":0 },{ "coords":[[1,0],[0,1],[1,1]], "rotating":0 },{ "coords":[[0,0],[0,1]], "rotating":0 }],"hints":[[[1,0],[0,1],[1,1]],[[1,1],[0,2],[1,2]],[[2,0],[1,1],[2,1]],[[2,2],[1,3],[2,3]]]},
    {"patterns":[{"coords":[[0,0],[0,1],[1,1],[1,2]],"rotating":false},{"coords":[[1,0],[1,1],[1,2],[0,2]],"rotating":false},{"coords":[[1,0],[2,0],[0,1]],"rotating":false},{"coords":[[2,0],[0,0],[0,1],[0,2]],"rotating":false},{"coords":[[1,0],[0,0]],"rotating":false}],"lockmoves":0,"boardcolors":[0,0,0,1,0,0,0,0,0,0,1,0,0,0,0,0,1,1,1,0,0,0,0,1,1,1,0,0,0,1,1,1,1,1,0,0,0,0,1,0,0,0,0,0,0,1,0,0,0],"boardsize":7,"boardtype":0,"hints":[[[2,4],[1,4]],[[3,2],[4,2],[2,3]],[[3,0],[3,1],[3,2],[2,2]],[[3,2],[3,3],[4,3],[4,4]]]},
    {"h":12,"patterns":[{"coords":[[0,0],[0,1],[0,2],[1,3],[2,3],[2,2],[1,2],[2,1],[2,0]],"rotating":false},{"coords":[[1,0],[0,2],[0,3],[1,3],[2,3]],"rotating":false},{"coords":[[2,3],[1,2],[1,0],[1,1],[0,1],[0,2]],"rotating":false},{"coords":[[0,0],[1,0],[1,1],[0,1],[0,2]],"rotating":false},{"coords":[[2,3],[2,2],[1,2],[1,3],[0,2],[0,1],[0,0]],"rotating":false},{"coords":[[0,0],[0,1],[0,2],[1,2],[1,1],[1,0]],"rotating":false}],"lockmoves":0,"boardcolors":[0,1,0,1,0,1,0,0,1,1,1,1,1,0,1,0,1,1,1,1,0,1,1,1,1,1,1,1,1,1,1,1,1,1,0,0,1,1,1,1,0,0,0,0,1,1,0,0,0],"boardsize":7,"boardtype":0,"hints":[[[0,2],[0,3],[0,4],[1,4],[1,3],[1,2]],[[2,1],[1,3],[1,4],[2,4],[3,4]],[[3,6],[3,5],[2,5],[2,6],[1,5],[1,4],[1,3]],[[1,0],[1,1],[1,2],[2,3],[3,3],[3,2],[2,2],[3,1],[3,0]]]},
    {"patterns":[{"coords":[[0,0],[1,0],[2,0],[3,0],[4,0]],"rotating":false},{"coords":[[0,0],[1,0],[2,0],[3,0],[4,0]],"rotating":false},{"coords":[[0,4],[0,3],[0,2],[0,1],[0,0]],"rotating":false},{"coords":[[0,0],[1,0],[2,0],[3,0],[4,0]],"rotating":false},{"coords":[[1,0],[2,0],[3,0],[4,0],[0,0]],"rotating":false},{"coords":[[0,0],[0,1],[0,2],[0,3],[0,4]],"rotating":false},{"coords":[[4,0],[3,0],[2,0],[1,0],[0,0]],"rotating":false},{"coords":[[4,0],[3,0],[2,0],[1,0],[0,0]],"rotating":false}],"lockmoves":1,"boardcolors":[0,1,1,1,1,0,1,0,0,0,0,0,1,1,0,1,1,1,0,0,1,0,0,1,1,1,0,1,1,0,0,0,1,0,0,0],"boardsize":6,"boardtype":0,"hints":[[[0,1],[1,1],[2,1],[3,1],[4,1]],[[1,0],[2,0],[3,0],[4,0],[5,0]],[[0,2],[1,2],[2,2],[3,2],[4,2]],[[0,4],[1,4],[2,4],[3,4],[4,4]],[[1,4],[2,4],[3,4],[4,4],[5,4]]]},
    {"h":30,"patterns":[{"coords":[[0,0],[0,1],[1,1]],"rotating":false},{"coords":[[1,1],[1,0],[0,0]],"rotating":false},{"coords":[[1,1],[0,1],[0,0]],"rotating":false},{"coords":[[0,0],[1,0],[1,1],[1,2],[0,2],[0,1]],"rotating":false},{"coords":[[1,0],[0,1],[0,2],[0,3],[1,4]],"rotating":false},{"coords":[[2,0],[2,1],[0,0]],"rotating":false}],"lockmoves":1,"boardcolors":[0,0,0,0,0,0,0,0,0,0,0,0,1,0,0,0,0,0,0,0,0,0,0,0,0],"boardsize":5,"boardtype":0,"hints":[[[1,0],[1,1],[2,1]],[[1,1],[1,0],[0,0]],[[1,2],[0,2],[0,1]],[[2,1],[2,2],[0,1]]]},
    {"h":26,"patterns":[{"coords":[[0,0],[0,1],[0,2],[0,3]],"rotating":false},{"coords":[[0,0],[1,0],[1,1],[2,1],[3,1]],"rotating":false},{"coords":[[2,0],[0,1],[1,2],[2,2],[2,1]],"rotating":false},{"coords":[[3,1],[2,1],[0,0],[0,2],[1,3]],"rotating":false},{"coords":[[2,2],[0,1],[2,0]],"rotating":false},{"coords":[[0,0]],"rotating":false}],"lockmoves":1,"boardcolors":[0,0,1,0,0,0,0,0,1,0,0,0,0,0,1,0,0,0,0,0,1,0,0,0,0,0,1,0,0,0,0,0,1,0,0,0],"boardsize":6,"boardtype":0,"hints":[[[2,0],[2,1],[2,2],[2,3]],[[1,2],[2,2],[2,3],[3,3],[4,3]],[[3,2],[1,3],[2,4],[3,4],[3,3]],[[4,3],[3,3],[1,2],[1,4],[2,5]]]},
    {"patterns":[{"coords":[[1,2],[1,3],[0,3],[0,1],[0,0],[0,2]],"rotating":false},{"coords":[[2,0],[2,1],[1,1],[0,1],[0,2],[0,3]],"rotating":false},{"coords":[[0,0],[2,3],[2,2],[1,3],[1,2]],"rotating":false},{"coords":[[3,0],[3,1],[1,0],[1,1],[0,0],[0,1]],"rotating":false},{"coords":[[0,0],[0,1]],"rotating":false},{"coords":[[0,3],[2,3],[1,0]],"rotating":false}],"lockmoves":1,"boardcolors":[0,0,0,0,0,0,0,1,0,1,0,0,0,1,0,1,0,0,0,0,1,0,0,0,0,1,1,1,0,0,0,0,0,0,0,0],"boardsize":6,"boardtype":0,"hints":[[[4,2],[4,3],[3,3],[3,1],[3,0],[3,2]],[[4,3],[4,4],[2,3],[2,4],[1,3],[1,4]],[[2,4],[4,4],[3,1]],[[2,1],[4,4],[4,3],[3,4],[3,3]]]},
    {"patterns":[{"coords":[[0,0],[0,1],[0,2],[1,2],[2,2],[1,1],[2,1],[2,0],[1,0]],"rotating":false},{"coords":[[0,0],[1,0],[2,0],[2,1],[2,2],[1,2],[1,1],[0,1],[0,2]],"rotating":false},{"coords":[[0,0],[0,1],[0,2],[1,2],[2,2],[2,1],[1,1],[1,0],[2,0]],"rotating":false},{"coords":[[2,0],[1,0],[2,1],[2,2],[1,2],[0,2],[0,1],[0,0],[1,1]],"rotating":false},{"coords":[[0,0],[1,0],[0,1],[1,1],[2,0],[2,1],[2,2],[1,2],[0,2]],"rotating":false},{"coords":[[0,0],[0,1],[0,2],[1,2],[2,2],[2,1],[2,0],[1,0],[1,1]],"rotating":false},{"coords":[[2,0],[1,0],[0,0],[0,1],[0,2],[1,2],[1,1],[2,1],[2,2]],"rotating":false}],"lockmoves":1,"boardcolors":[0,1,1,1,0,0,0,0,1,1,0,0,0,1,1,0,0,1,0,0,0,0,0,0,0],"boardsize":5,"boardtype":0,"hints":[[[2,0],[2,1],[2,2],[3,2],[4,2],[3,1],[4,1],[4,0],[3,0]],[[0,1],[1,1],[2,1],[2,2],[2,3],[1,3],[1,2],[0,2],[0,3]],[[1,0],[1,1],[1,2],[2,2],[3,2],[3,1],[2,1],[2,0],[3,0]],[[4,1],[3,1],[4,2],[4,3],[3,3],[2,3],[2,2],[2,1],[3,2]]]},
    {"patterns":[{"coords":[[0,0],[1,0],[0,2],[1,2]],"rotating":false},{"coords":[[3,0],[2,0],[1,0],[1,1],[3,1],[0,0]],"rotating":true},{"coords":[[0,2],[1,3],[2,3],[3,2],[3,0],[0,0],[2,0],[1,0]],"rotating":true},{"coords":[[2,1],[2,2],[1,2],[1,1],[0,1],[0,2],[0,3],[0,0]],"rotating":true},{"coords":[[0,0],[0,3],[0,2],[0,1],[1,1],[1,2],[3,2],[3,1]],"rotating":true},{"coords":[[2,1],[0,1],[1,0],[1,3]],"rotating":true}],"lockmoves":1,"boardcolors":[0,0,1,1,0,0,0,1,0,0,1,0,0,1,0,0,1,0,0,1,0,0,1,0,0,1,0,0,1,0,0,0,1,1,0,0],"boardsize":6,"boardtype":0,"hints":[[[0,0],[1,0],[0,2],[1,2]],[[4,4],[4,3],[4,2],[3,2],[3,4],[4,1]],[[4,2],[1,2],[2,2],[3,2],[3,3],[2,3],[2,5],[3,5]],[[1,4],[3,4],[2,5],[2,2]]]},
    {"patterns":[{"coords":[[3,0],[2,0],[1,0],[0,0]],"rotating":false},{"coords":[[0,3],[0,2],[0,1],[0,0]],"rotating":false},{"coords":[[3,0],[2,0],[1,0],[0,0]],"rotating":false},{"coords":[[0,3],[0,2],[0,1],[0,0]],"rotating":false},{"coords":[[0,0],[0,1],[1,1],[1,0]],"rotating":false}],"lockmoves":0,"boardcolors":[0,0,1,0,0,0,1,0,1,0,1,0,1,0,0,0,1,0,0,1,0,0,0,1,0],"boardsize":5,"boardtype":0,"hints":[[[3,2],[2,2],[1,2],[0,2]],[[1,1],[1,2],[2,2],[2,1]],[[4,3],[3,3],[2,3],[1,3]],[[2,3],[2,2],[2,1],[2,0]]]},
    {"patterns":[{"coords":[[0,0],[1,0],[2,0],[3,0],[3,2],[2,2],[1,2],[3,4],[4,4],[5,4]],"rotating":true},{"coords":[[0,0],[0,1],[0,2],[1,2],[1,0],[1,1],[1,4],[2,4],[2,3],[3,3],[3,4]],"rotating":true},{"coords":[[0,0],[1,0],[0,1],[1,1],[0,3],[1,3],[1,4],[0,4],[3,1],[3,2]],"rotating":false},{"coords":[[0,0],[0,1],[1,1],[1,0],[0,3],[1,3],[1,4],[0,4]],"rotating":false},{"coords":[[0,2],[0,3],[1,3],[1,2],[2,0],[2,1],[3,1],[3,0]],"rotating":true},{"coords":[[1,0],[0,2],[2,2],[3,2],[5,2],[6,2]],"rotating":false}],"lockmoves":1,"boardcolors":[0,0,1,1,0,0,0,0,0,0,1,2,1,0,0,0,1,1,2,3,1,0,0,0,0,1,2,1,1,1,0,0,0,2,2,1,1,1,0,0,0,1,1,2,1,0,1,1,0,1,1,2,1,1,0,0,0,1,1,0,0,0,0,0],"boardsize":8,"boardtype":2,"hints":[[[0,2],[1,2],[2,2],[3,2],[3,4],[2,4],[1,4],[3,6],[4,6],[5,6]],[[2,0],[2,1],[2,2],[3,2],[3,0],[3,1],[3,4],[4,4],[4,3],[5,3],[5,4]],[[2,2],[3,2],[2,3],[3,3],[2,5],[3,5],[3,6],[2,6],[5,3],[5,4]],[[1,3],[1,4],[2,4],[2,3],[1,6],[2,6],[2,7],[1,7]]]},
    {"patterns":[{"coords":[[1,0],[1,1],[0,1],[2,1],[0,2],[2,2]],"rotating":true},{"coords":[[1,0],[1,1],[0,1],[0,2],[2,1],[2,2]],"rotating":true},{"coords":[[1,0],[1,1],[0,1],[2,1],[2,2],[0,2]],"rotating":true},{"coords":[[0,2],[0,1],[2,2],[2,1],[1,0]],"rotating":true}],"lockmoves":0,"boardcolors":[0,0,0,0,0,0,0,0,0,0,1,0,0,0,0,0,0,1,0,0,0,0,0,0,0,0,1,0,0,0,0,1,0,0,0,0,0,0,1,0,0,0,0,0,0,0,0,0,0],"boardsize":7,"boardtype":0,"hints":[[[2,2],[3,2],[2,4],[3,4],[4,3]],[[3,1],[3,2],[2,2],[4,2],[2,3],[4,3]],[[3,5],[3,4],[4,4],[2,4],[2,3],[4,3]],[[5,3],[4,3],[4,2],[3,2],[4,4],[3,4]]]},
        {"tutorial":"won","patterns":[{"coords":[[5,0],[4,2],[3,3],[2,4],[1,4],[0,4],[5,1],[5,2],[6,2],[7,3],[8,4],[9,4],[10,4],[9,5],[8,6],[7,7],[8,8],[9,9],[10,10],[9,10],[8,9],[7,9],[6,8],[5,7],[4,8],[3,9],[2,9],[1,10],[0,10],[1,9],[2,8],[1,5],[2,6],[3,7],[3,8],[2,5],[5,3],[4,3],[5,4],[6,3],[8,5],[7,8],[6,7],[4,7],[5,5],[5,6],[3,4],[3,5],[3,6],[7,4],[7,5],[7,6],[6,6],[4,6]],"rotating":false}],"lockmoves":0,"boardcolors":[0,0,0,0,0,1,0,0,0,0,0,0,0,0,0,0,1,0,0,0,0,0,0,0,0,0,1,1,1,0,0,0,0,0,0,0,1,1,1,1,1,0,0,0,1,1,1,1,0,1,0,1,1,1,1,0,1,1,1,0,1,0,1,1,1,0,0,0,1,1,1,1,1,1,1,0,0,0,0,0,1,1,1,1,1,0,0,0,0,0,1,1,1,0,1,1,1,0,0,0,1,1,1,0,0,0,1,1,1,0,1,1,0,0,0,0,0,0,0,1,1],"boardsize":11,"boardtype":0}
]



